Selecciona l'entrada [1], [2], [3], [4] o [5].
Selecciona la cerca [B]inary, [H]ash o [BL]oom.
Selecciona la tècnica [O]pen o [C]hain.
Selecciona la funció [L]inear, [Q]uadratic, [D]ouble o [C]uckoo.
#### INFORMACIÓ ####
Cerca: HASH
Tècnica: OPEN
Funció: CUCKOO
Ocupació: 31.6667%
Var. passos: 13
#### INSERCIÓ ####
Mida: 1000
Salts: 513
Errors: 50
Temps: 0.035
#### CERCA ####
Mida: 2000
Salts: 0
Errors: 0
Temps total: 1.572
Temps trobats: 0.06
Temps no trobats: 0.737
#### RESULTAT ####
Trobats: 144
No trobats: 1856
#### TAULA RESULTANT 1 ####
[0] 6000       [1] 3001       [2] 9002       [3] 7503       [4]            
[5] 5          [6]            [7] 6007       [8] 8          [9]            
[10]           [11]           [12] 3012      [13]           [14] 7514      
[15]           [16]           [17] 3017      [18]           [19] 19        
[20] 4520      [21]           [22]           [23]           [24] 4524      
[25]           [26] 6026      [27]           [28]           [29]           
[30]           [31] 3031      [32] 9032      [33]           [34]           
[35]           [36]           [37] 4537      [38]           [39]           
[40] 7540      [41]           [42]           [43] 3043      [44] 6044      
[45] 1545      [46]           [47]           [48] 9048      [49] 7549      
[50]           [51]           [52] 9052      [53]           [54] 6054      
[55]           [56] 56        [57] 4557      [58]           [59]           
[60] 7560      [61]           [62] 62        [63]           [64] 1564      
[65] 7565      [66] 1566      [67]           [68] 7568      [69] 6069      
[70]           [71]           [72] 6072      [73]           [74] 7574      
[75]           [76]           [77] 9077      [78] 6078      [79] 79        
[80] 6080      [81] 9081      [82] 1582      [83]           [84]           
[85]           [86]           [87] 6087      [88] 7588      [89]           
[90] 9090      [91]           [92]           [93] 3093      [94] 9094      
[95]           [96]           [97] 97        [98] 6098      [99]           
[100] 7600     [101] 9101     [102] 3102     [103] 3103     [104] 104      
[105]          [106] 3106     [107] 1607     [108]          [109]          
[110] 4610     [111] 1611     [112] 6112     [113]          [114] 4614     
[115]          [116]          [117]          [118]          [119] 7619     
[120]          [121] 121      [122]          [123] 9123     [124]          
[125]          [126] 6126     [127]          [128]          [129]          
[130]          [131]          [132]          [133]          [134] 7634     
[135] 7635     [136] 1636     [137]          [138]          [139]          
[140] 3140     [141] 4641     [142] 3142     [143] 7643     [144]          
[145] 4645     [146] 1646     [147] 7647     [148] 7648     [149] 1649     
[150] 4650     [151]          [152] 7652     [153]          [154] 7654     
[155]          [156] 3156     [157] 6157     [158] 9158     [159] 6159     
[160] 4660     [161] 161      [162]          [163]          [164]          
[165] 165      [166]          [167] 7667     [168]          [169] 4669     
[170] 7670     [171] 7671     [172] 4672     [173]          [174]          
[175]          [176]          [177]          [178] 4678     [179] 3179     
[180]          [181]          [182] 1682     [183] 183      [184] 3184     
[185] 185      [186] 9186     [187] 6187     [188] 9188     [189]          
[190] 6190     [191] 191      [192] 4692     [193]          [194] 4694     
[195]          [196] 196      [197] 197      [198] 6198     [199] 4699     
[200] 200      [201]          [202]          [203] 203      [204]          
[205] 3205     [206]          [207]          [208] 3208     [209]          
[210]          [211] 3211     [212]          [213]          [214]          
[215] 215      [216] 9216     [217] 6217     [218]          [219] 1719     
[220]          [221]          [222]          [223] 9223     [224] 1724     
[225] 3225     [226]          [227] 227      [228] 9228     [229] 6229     
[230]          [231] 9231     [232] 7732     [233] 4733     [234]          
[235]          [236] 236      [237] 6237     [238] 7738     [239] 7739     
[240]          [241]          [242]          [243]          [244] 1744     
[245]          [246]          [247]          [248]          [249]          
[250] 4750     [251] 4751     [252] 1752     [253] 4753     [254]          
[255]          [256]          [257]          [258]          [259]          
[260]          [261]          [262] 4762     [263] 9263     [264]          
[265]          [266] 4766     [267]          [268] 3268     [269]          
[270] 4770     [271] 7771     [272] 4772     [273] 6273     [274]          
[275]          [276] 3276     [277]          [278] 3278     [279]          
[280]          [281]          [282] 3282     [283] 283      [284]          
[285]          [286] 4786     [287]          [288] 288      [289]          
[290] 4790     [291] 291      [292] 1792     [293] 4793     [294] 1794     
[295]          [296] 9296     [297] 3297     [298]          [299] 4799     
[300] 9300     [301] 7801     [302]          [303] 7803     [304]          
[305] 3305     [306]          [307] 4807     [308]          [309]          
[310] 3310     [311] 9311     [312] 6312     [313] 3313     [314] 314      
[315] 6315     [316] 3316     [317] 4817     [318]          [319] 7819     
[320]          [321] 4821     [322] 7822     [323]          [324]          
[325]          [326] 3326     [327] 1827     [328]          [329]          
[330]          [331]          [332] 332      [333] 4833     [334] 9334     
[335] 1835     [336] 4836     [337]          [338] 3338     [339]          
[340]          [341]          [342]          [343]          [344]          
[345] 6345     [346]          [347]          [348]          [349]          
[350]          [351]          [352]          [353] 3353     [354]          
[355]          [356]          [357]          [358] 7858     [359] 9359     
[360] 6360     [361]          [362] 9362     [363] 9363     [364] 364      
[365] 9365     [366]          [367]          [368]          [369] 6369     
[370]          [371]          [372] 4872     [373]          [374] 9374     
[375] 1875     [376]          [377] 9377     [378]          [379]          
[380] 4880     [381]          [382]          [383] 9383     [384]          
[385] 1885     [386] 4886     [387]          [388]          [389] 9389     
[390]          [391]          [392]          [393] 7893     [394]          
[395]          [396] 6396     [397] 1897     [398]          [399]          
[400]          [401] 9401     [402] 9402     [403] 403      [404] 4904     
[405] 6405     [406] 3406     [407] 7907     [408]          [409] 6409     
[410]          [411]          [412] 6412     [413] 1913     [414] 6414     
[415] 7915     [416] 9416     [417] 9417     [418]          [419]          
[420] 7920     [421] 6421     [422]          [423]          [424] 7924     
[425] 425      [426]          [427] 9427     [428]          [429]          
[430]          [431]          [432]          [433]          [434] 1934     
[435] 6435     [436] 9436     [437]          [438]          [439]          
[440] 3440     [441]          [442]          [443] 7943     [444] 9444     
[445]          [446]          [447]          [448] 1948     [449] 9449     
[450] 1950     [451] 1951     [452] 4952     [453]          [454]          
[455] 7955     [456]          [457] 6457     [458]          [459] 459      
[460]          [461] 6461     [462] 7962     [463] 3463     [464] 3464     
[465]          [466] 466      [467]          [468]          [469]          
[470]          [471]          [472]          [473] 7973     [474] 3474     
[475] 1975     [476]          [477] 3477     [478] 478      [479] 6479     
[480] 1980     [481] 7981     [482]          [483] 7983     [484] 484      
[485]          [486] 486      [487]          [488]          [489]          
[490] 7990     [491]          [492]          [493]          [494] 494      
[495] 495      [496] 4996     [497]          [498] 3498     [499] 6499     
[500]          [501] 501      [502] 2002     [503] 6503     [504] 504      
[505]          [506] 506      [507]          [508]          [509]          
[510] 8010     [511]          [512] 512      [513]          [514]          
[515] 9515     [516] 3516     [517]          [518]          [519] 8019     
[520] 9520     [521] 6521     [522]          [523]          [524]          
[525] 2025     [526]          [527] 2027     [528] 5028     [529] 3529     
[530]          [531]          [532] 8032     [533]          [534]          
[535] 9535     [536]          [537]          [538]          [539]          
[540]          [541] 8041     [542]          [543] 5043     [544] 9544     
[545]          [546] 3546     [547] 6547     [548] 3548     [549]          
[550]          [551]          [552] 5052     [553] 3553     [554]          
[555] 2055     [556]          [557]          [558]          [559] 3559     
[560] 6560     [561]          [562] 6562     [563] 3563     [564]          
[565]          [566]          [567] 567      [568]          [569]          
[570] 8070     [571]          [572]          [573]          [574]          
[575]          [576] 576      [577]          [578] 578      [579]          
[580]          [581] 6581     [582]          [583] 5083     [584] 9584     
[585]          [586]          [587] 8087     [588]          [589]          
[590]          [591] 591      [592]          [593]          [594]          
[595]          [596]          [597]          [598] 598      [599]          
[600] 2100     [601] 5101     [602] 5102     [603]          [604] 2104     
[605] 605      [606] 606      [607] 9607     [608]          [609]          
[610]          [611] 9611     [612]          [613] 2113     [614]          
[615]          [616] 9616     [617]          [618]          [619]          
[620] 8120     [621] 621      [622] 3622     [623] 8123     [624]          
[625]          [626]          [627] 627      [628] 628      [629] 629      
[630] 9630     [631] 5131     [632] 5132     [633] 5133     [634] 8134     
[635] 6635     [636] 9636     [637]          [638]          [639] 5139     
[640] 6640     [641]          [642] 6642     [643]          [644]          
[645] 9645     [646]          [647] 6647     [648] 5148     [649]          
[650] 650      [651] 5151     [652] 9652     [653]          [654]          
[655] 9655     [656]          [657]          [658] 6658     [659]          
[660] 660      [661]          [662] 6662     [663]          [664]          
[665] 665      [666]          [667]          [668]          [669]          
[670]          [671]          [672]          [673] 5173     [674] 9674     
[675]          [676]          [677] 3677     [678] 9678     [679]          
[680]          [681]          [682] 8182     [683] 683      [684]          
[685] 6685     [686] 3686     [687] 3687     [688] 2188     [689]          
[690] 8190     [691]          [692]          [693] 3693     [694]          
[695] 8195     [696] 2196     [697]          [698]          [699] 699      
[700] 9700     [701] 8201     [702]          [703]          [704]          
[705] 8205     [706]          [707] 707      [708]          [709]          
[710] 5210     [711] 5211     [712] 3712     [713]          [714] 5214     
[715]          [716] 8216     [717]          [718] 718      [719]          
[720]          [721] 721      [722] 5222     [723] 8223     [724] 6724     
[725] 9725     [726] 2226     [727]          [728]          [729] 8229     
[730]          [731]          [732]          [733] 733      [734] 734      
[735]          [736] 736      [737]          [738] 2238     [739]          
[740]          [741]          [742] 6742     [743]          [744]          
[745] 8245     [746]          [747]          [748]          [749] 9749     
[750] 5250     [751]          [752] 3752     [753]          [754]          
[755]          [756]          [757] 5257     [758]          [759] 9759     
[760]          [761]          [762]          [763] 5263     [764]          
[765]          [766] 6766     [767]          [768]          [769] 2269     
[770]          [771] 771      [772]          [773] 2273     [774]          
[775] 8275     [776]          [777] 2277     [778]          [779]          
[780] 3780     [781]          [782]          [783] 783      [784]          
[785]          [786]          [787]          [788]          [789] 3789     
[790] 790      [791] 5291     [792] 6792     [793] 9793     [794]          
[795]          [796]          [797] 2297     [798]          [799]          
[800]          [801] 8301     [802] 9802     [803]          [804]          
[805] 5305     [806] 806      [807] 5307     [808] 9808     [809]          
[810] 6810     [811]          [812] 8312     [813] 9813     [814] 3814     
[815] 3815     [816] 5316     [817] 9817     [818] 6818     [819]          
[820]          [821] 8321     [822] 9822     [823]          [824]          
[825] 3825     [826] 5326     [827]          [828] 3828     [829] 829      
[830] 830      [831]          [832]          [833] 9833     [834] 3834     
[835] 2335     [836]          [837]          [838]          [839]          
[840] 2340     [841] 3841     [842]          [843] 8343     [844]          
[845] 845      [846]          [847]          [848]          [849] 3849     
[850]          [851]          [852] 8352     [853]          [854]          
[855]          [856] 3856     [857] 3857     [858]          [859] 9859     
[860] 860      [861] 8361     [862]          [863] 6863     [864]          
[865] 2365     [866] 5366     [867] 9867     [868] 3868     [869] 869      
[870] 3870     [871] 6871     [872]          [873] 873      [874]          
[875]          [876] 2376     [877]          [878] 6878     [879]          
[880]          [881]          [882]          [883]          [884]          
[885]          [886]          [887] 887      [888] 8388     [889]          
[890]          [891]          [892] 892      [893]          [894]          
[895] 5395     [896] 9896     [897]          [898] 3898     [899] 2399     
[900]          [901] 5401     [902] 6902     [903]          [904]          
[905] 8405     [906] 906      [907] 6907     [908] 9908     [909] 6909     
[910]          [911]          [912]          [913]          [914]          
[915] 5415     [916] 5416     [917]          [918]          [919]          
[920]          [921]          [922] 2422     [923]          [924] 9924     
[925]          [926]          [927]          [928]          [929] 3929     
[930] 6930     [931] 6931     [932]          [933]          [934]          
[935]          [936]          [937] 937      [938] 3938     [939]          
[940]          [941] 3941     [942] 9942     [943]          [944] 3944     
[945]          [946] 6946     [947]          [948]          [949] 2449     
[950] 2450     [951]          [952]          [953]          [954] 9954     
[955] 2455     [956]          [957]          [958]          [959] 2459     
[960] 960      [961] 5461     [962] 9962     [963] 963      [964]          
[965]          [966] 8466     [967]          [968]          [969]          
[970] 2470     [971]          [972] 8472     [973]          [974] 8474     
[975]          [976] 976      [977]          [978] 2478     [979] 2479     
[980]          [981]          [982]          [983] 983      [984]          
[985]          [986] 5486     [987] 6987     [988]          [989]          
[990]          [991]          [992] 2492     [993] 993      [994]          
[995] 9995     [996] 5496     [997]          [998] 6998     [999] 6999     
[1000] 7000    [1001] 5501    [1002]         [1003]         [1004]         
[1005] 2505    [1006] 7006    [1007] 5507    [1008]         [1009]         
[1010]         [1011] 8511    [1012] 8512    [1013]         [1014] 4014    
[1015]         [1016]         [1017] 4017    [1018]         [1019]         
[1020] 8520    [1021] 4021    [1022] 2522    [1023] 4023    [1024] 8524    
[1025]         [1026]         [1027] 5527    [1028]         [1029]         
[1030]         [1031]         [1032] 4032    [1033]         [1034] 2534    
[1035] 8535    [1036]         [1037] 2537    [1038] 8538    [1039] 4039    
[1040]         [1041]         [1042] 5542    [1043]         [1044] 1044    
[1045]         [1046]         [1047]         [1048]         [1049] 1049    
[1050] 4050    [1051]         [1052]         [1053] 4053    [1054] 7054    
[1055]         [1056]         [1057] 2557    [1058]         [1059] 5559    
[1060]         [1061] 2561    [1062]         [1063] 8563    [1064] 4064    
[1065]         [1066]         [1067] 8567    [1068]         [1069]         
[1070] 5570    [1071]         [1072]         [1073]         [1074] 4074    
[1075] 5575    [1076] 2576    [1077] 4077    [1078] 5578    [1079]         
[1080] 7080    [1081]         [1082]         [1083] 7083    [1084] 4084    
[1085]         [1086]         [1087]         [1088] 8588    [1089]         
[1090] 4090    [1091] 2591    [1092]         [1093] 1093    [1094] 2594    
[1095] 8595    [1096] 2596    [1097]         [1098]         [1099] 5599    
[1100] 7100    [1101] 7101    [1102]         [1103] 1103    [1104]         
[1105] 2605    [1106] 7106    [1107]         [1108] 2608    [1109] 5609    
[1110]         [1111] 5611    [1112]         [1113]         [1114]         
[1115]         [1116] 7116    [1117] 8617    [1118] 5618    [1119]         
[1120] 1120    [1121] 4121    [1122] 1122    [1123] 7123    [1124]         
[1125]         [1126] 8626    [1127]         [1128]         [1129]         
[1130] 4130    [1131]         [1132]         [1133]         [1134] 8634    
[1135] 2635    [1136]         [1137]         [1138]         [1139] 4139    
[1140]         [1141] 8641    [1142]         [1143]         [1144]         
[1145] 5645    [1146]         [1147] 2647    [1148] 4148    [1149]         
[1150] 7150    [1151]         [1152]         [1153] 8653    [1154] 7154    
[1155] 7155    [1156]         [1157]         [1158]         [1159]         
[1160]         [1161]         [1162] 2662    [1163]         [1164]         
[1165]         [1166] 4166    [1167]         [1168]         [1169] 1169    
[1170]         [1171]         [1172] 4172    [1173]         [1174] 8674    
[1175] 4175    [1176] 4176    [1177] 5677    [1178]         [1179] 2679    
[1180] 8680    [1181]         [1182]         [1183] 2683    [1184]         
[1185]         [1186]         [1187]         [1188] 1188    [1189]         
[1190]         [1191] 1191    [1192]         [1193] 7193    [1194]         
[1195] 5695    [1196]         [1197]         [1198] 8698    [1199]         
[1200]         [1201] 5701    [1202] 1202    [1203] 7203    [1204]         
[1205]         [1206]         [1207] 5707    [1208] 5708    [1209] 5709    
[1210] 5710    [1211] 1211    [1212] 1212    [1213] 4213    [1214]         
[1215]         [1216] 1216    [1217]         [1218]         [1219] 2719    
[1220]         [1221]         [1222] 5722    [1223]         [1224] 4224    
[1225]         [1226] 7226    [1227] 4227    [1228]         [1229]         
[1230] 7230    [1231] 4231    [1232] 5732    [1233]         [1234]         
[1235] 5735    [1236]         [1237] 7237    [1238]         [1239]         
[1240] 1240    [1241]         [1242]         [1243] 5743    [1244]         
[1245]         [1246]         [1247] 5747    [1248]         [1249] 5749    
[1250]         [1251] 8751    [1252]         [1253] 2753    [1254]         
[1255] 7255    [1256]         [1257]         [1258]         [1259]         
[1260] 4260    [1261]         [1262] 7262    [1263] 4263    [1264]         
[1265] 8765    [1266]         [1267]         [1268]         [1269] 4269    
[1270]         [1271]         [1272] 4272    [1273] 8773    [1274] 8774    
[1275]         [1276]         [1277] 1277    [1278]         [1279] 8779    
[1280] 1280    [1281] 2781    [1282]         [1283] 5783    [1284]         
[1285]         [1286] 8786    [1287] 2787    [1288]         [1289]         
[1290]         [1291]         [1292] 1292    [1293]         [1294]         
[1295]         [1296] 2796    [1297]         [1298]         [1299] 7299    
[1300]         [1301]         [1302] 8802    [1303] 1303    [1304]         
[1305]         [1306]         [1307] 7307    [1308]         [1309] 7309    
[1310] 2810    [1311]         [1312] 1312    [1313]         [1314] 2814    
[1315]         [1316] 1316    [1317] 1317    [1318]         [1319]         
[1320] 4320    [1321] 1321    [1322]         [1323]         [1324]         
[1325]         [1326]         [1327]         [1328]         [1329] 5829    
[1330]         [1331]         [1332]         [1333]         [1334]         
[1335] 4335    [1336] 8836    [1337]         [1338]         [1339]         
[1340]         [1341] 1341    [1342] 1342    [1343]         [1344] 2844    
[1345]         [1346] 2846    [1347] 2847    [1348] 1348    [1349] 4349    
[1350] 5850    [1351]         [1352]         [1353] 8853    [1354]         
[1355]         [1356]         [1357]         [1358]         [1359]         
[1360] 2860    [1361]         [1362]         [1363] 2863    [1364]         
[1365]         [1366] 7366    [1367] 1367    [1368] 2868    [1369] 7369    
[1370]         [1371] 5871    [1372]         [1373] 8873    [1374] 5874    
[1375]         [1376] 7376    [1377] 4377    [1378] 7378    [1379] 8879    
[1380]         [1381] 4381    [1382]         [1383]         [1384] 8884    
[1385]         [1386] 5886    [1387]         [1388] 5888    [1389] 7389    
[1390] 5890    [1391] 4391    [1392] 5892    [1393]         [1394] 8894    
[1395] 4395    [1396]         [1397]         [1398] 1398    [1399] 5899    
[1400]         [1401] 4401    [1402] 4402    [1403]         [1404] 1404    
[1405] 7405    [1406]         [1407]         [1408]         [1409] 4409    
[1410]         [1411] 4411    [1412]         [1413] 2913    [1414]         
[1415]         [1416]         [1417] 8917    [1418]         [1419]         
[1420]         [1421] 1421    [1422]         [1423] 5923    [1424] 5924    
[1425]         [1426] 8926    [1427]         [1428] 8928    [1429] 8929    
[1430]         [1431]         [1432] 7432    [1433]         [1434]         
[1435] 5935    [1436]         [1437] 5937    [1438] 2938    [1439] 5939    
[1440] 4440    [1441]         [1442] 4442    [1443]         [1444]         
[1445] 2945    [1446] 5946    [1447]         [1448]         [1449] 8949    
[1450]         [1451]         [1452] 2952    [1453]         [1454] 8954    
[1455] 2955    [1456]         [1457]         [1458]         [1459] 7459    
[1460] 8960    [1461]         [1462]         [1463]         [1464] 5964    
[1465] 8965    [1466]         [1467] 1467    [1468]         [1469]         
[1470] 8970    [1471]         [1472] 2972    [1473]         [1474]         
[1475]         [1476]         [1477]         [1478]         [1479]         
[1480]         [1481] 5981    [1482]         [1483] 2983    [1484] 8984    
[1485] 4485    [1486] 4486    [1487] 8987    [1488] 7488    [1489]         
[1490] 5990    [1491]         [1492]         [1493]         [1494]         
[1495]         [1496]         [1497] 7497    [1498]         [1499] 5999    
#### TAULA RESULTANT 2 ####
[0]            [1]            [2]            [3] 273        [4]            
[5]            [6] 9546       [7]            [8]            [9]            
[10]           [11]           [12]           [13]           [14]           
[15]           [16]           [17]           [18]           [19]           
[20]           [21]           [22]           [23]           [24]           
[25]           [26]           [27]           [28]           [29]           
[30] 7230      [31]           [32] 7912      [33] 4503      [34]           
[35]           [36]           [37] 5867      [38]           [39]           
[40] 9140      [41]           [42]           [43]           [44]           
[45]           [46]           [47]           [48]           [49] 6959      
[50]           [51]           [52]           [53]           [54]           
[55]           [56]           [57] 6687      [58]           [59]           
[60]           [61]           [62] 3142      [63]           [64]           
[65]           [66]           [67]           [68]           [69]           
[70]           [71]           [72]           [73] 143       [74]           
[75] 5325      [76]           [77]           [78]           [79]           
[80]           [81] 1371      [82]           [83]           [84]           
[85]           [86]           [87]           [88]           [89]           
[90]           [91]           [92]           [93]           [94]           
[95] 4645      [96]           [97]           [98]           [99]           
[100]          [101]          [102]          [103]          [104]          
[105]          [106]          [107]          [108]          [109]          
[110]          [111]          [112]          [113]          [114]          
[115]          [116]          [117]          [118]          [119]          
[120]          [121]          [122]          [123] 5193     [124]          
[125]          [126]          [127]          [128]          [129]          
[130] 8330     [131] 1921     [132] 6012     [133]          [134]          
[135]          [136] 5876     [137]          [138]          [139] 6149     
[140]          [141]          [142]          [143]          [144]          
[145]          [146]          [147]          [148]          [149]          
[150] 3150     [151]          [152]          [153]          [154] 9014     
[155] 1105     [156] 2196     [157]          [158]          [159]          
[160]          [161]          [162]          [163]          [164] 7924     
[165]          [166]          [167]          [168]          [169]          
[170]          [171]          [172] 6152     [173]          [174]          
[175]          [176]          [177]          [178]          [179]          
[180]          [181]          [182]          [183]          [184]          
[185]          [186]          [187]          [188]          [189]          
[190]          [191]          [192] 8472     [193]          [194]          
[195]          [196]          [197]          [198]          [199] 4109     
[200]          [201]          [202]          [203]          [204]          
[205]          [206]          [207]          [208]          [209]          
[210]          [211]          [212] 3292     [213]          [214]          
[215]          [216]          [217]          [218]          [219]          
[220] 4520     [221]          [222]          [223]          [224] 5884     
[225]          [226]          [227] 1657     [228]          [229]          
[230]          [231]          [232]          [233]          [234]          
[235]          [236]          [237]          [238]          [239]          
[240] 9840     [241]          [242]          [243]          [244]          
[245]          [246]          [247]          [248]          [249]          
[250]          [251] 8341     [252]          [253]          [254]          
[255]          [256]          [257]          [258]          [259]          
[260] 4660     [261]          [262]          [263]          [264]          
[265]          [266]          [267]          [268]          [269]          
[270]          [271] 7661     [272]          [273] 9843     [274]          
[275]          [276] 1116     [277] 5207     [278]          [279]          
[280]          [281]          [282]          [283] 1253     [284]          
[285]          [286]          [287]          [288]          [289] 9299     
[290]          [291]          [292]          [293]          [294]          
[295] 3845     [296]          [297]          [298]          [299]          
[300]          [301]          [302]          [303]          [304]          
[305]          [306]          [307]          [308]          [309]          
[310]          [311]          [312] 5892     [313] 5483     [314]          
[315] 4665     [316]          [317]          [318]          [319]          
[320] 5620     [321]          [322]          [323]          [324]          
[325]          [326]          [327]          [328]          [329]          
[330]          [331]          [332]          [333]          [334]          
[335]          [336]          [337]          [338]          [339] 849      
[340]          [341]          [342]          [343]          [344]          
[345] 7395     [346] 8486     [347]          [348]          [349]          
[350]          [351]          [352]          [353]          [354]          
[355] 4805     [356]          [357]          [358]          [359]          
[360]          [361]          [362]          [363]          [364]          
[365]          [366]          [367]          [368]          [369]          
[370]          [371]          [372]          [373]          [374]          
[375]          [376]          [377] 9307     [378]          [379]          
[380]          [381]          [382] 2762     [383]          [384]          
[385]          [386]          [387]          [388]          [389]          
[390]          [391]          [392]          [393] 8763     [394]          
[395]          [396]          [397]          [398]          [399]          
[400]          [401]          [402]          [403]          [404]          
[405]          [406]          [407]          [408]          [409]          
[410] 310      [411]          [412] 6992     [413] 2083     [414]          
[415]          [416]          [417]          [418]          [419]          
[420]          [421]          [422] 5902     [423]          [424]          
[425]          [426]          [427] 8357     [428] 448      [429]          
[430]          [431]          [432]          [433]          [434]          
[435]          [436]          [437]          [438]          [439]          
[440]          [441]          [442] 6722     [443]          [444]          
[445]          [446]          [447]          [448]          [449] 5359     
[450] 3450     [451]          [452]          [453]          [454] 3314     
[455]          [456]          [457]          [458] 7678     [459]          
[460]          [461] 3451     [462]          [463]          [464]          
[465]          [466]          [467]          [468]          [469]          
[470]          [471] 3861     [472]          [473] 6043     [474]          
[475]          [476]          [477]          [478]          [479]          
[480]          [481]          [482]          [483]          [484]          
[485]          [486]          [487]          [488]          [489] 999      
[490]          [491]          [492] 1272     [493]          [494]          
[495]          [496]          [497]          [498]          [499] 5909     
[500]          [501]          [502] 1682     [503]          [504]          
[505]          [506]          [507]          [508]          [509]          
[510]          [511]          [512]          [513] 1683     [514] 4274     
[515]          [516]          [517]          [518]          [519] 8229     
[520]          [521]          [522]          [523]          [524]          
[525]          [526] 8366     [527]          [528] 6048     [529]          
[530]          [531]          [532]          [533]          [534]          
[535]          [536]          [537]          [538]          [539]          
[540]          [541]          [542]          [543] 4413     [544]          
[545]          [546] 7686     [547]          [548]          [549] 1959     
[550]          [551] 4141     [552]          [553]          [554]          
[555]          [556]          [557] 3187     [558]          [559]          
[560]          [561]          [562]          [563]          [564]          
[565]          [566]          [567]          [568]          [569]          
[570]          [571]          [572] 3052     [573]          [574] 9734     
[575]          [576]          [577]          [578] 8098     [579]          
[580]          [581]          [582]          [583]          [584]          
[585]          [586]          [587]          [588]          [589]          
[590] 6190     [591] 8781     [592]          [593] 1963     [594] 7554     
[595]          [596]          [597] 4827     [598]          [599]          
[600] 8100     [601]          [602]          [603] 5373     [604]          
[605]          [606]          [607]          [608]          [609]          
[610]          [611]          [612]          [613]          [614]          
[615]          [616]          [617]          [618]          [619]          
[620]          [621]          [622]          [623]          [624]          
[625]          [626]          [627] 4557     [628]          [629]          
[630]          [631] 2921     [632]          [633]          [634]          
[635]          [636]          [637]          [638]          [639]          
[640]          [641]          [642]          [643]          [644]          
[645]          [646]          [647]          [648]          [649]          
[650]          [651]          [652]          [653]          [654]          
[655]          [656]          [657] 8787     [658] 6878     [659]          
[660]          [661]          [662] 9742     [663]          [664]          
[665]          [666] 9606     [667] 9197     [668]          [669]          
[670]          [671]          [672]          [673]          [674] 334      
[675]          [676]          [677]          [678] 1698     [679]          
[680]          [681]          [682]          [683]          [684]          
[685]          [686]          [687]          [688]          [689]          
[690]          [691]          [692]          [693]          [694] 5654     
[695]          [696] 9336     [697]          [698]          [699]          
[700]          [701]          [702]          [703]          [704]          
[705]          [706]          [707]          [708] 4428     [709]          
[710]          [711]          [712]          [713]          [714]          
[715] 7565     [716]          [717]          [718]          [719] 8929     
[720]          [721] 2111     [722]          [723]          [724]          
[725]          [726]          [727]          [728]          [729]          
[730]          [731]          [732]          [733] 203      [734]          
[735]          [736]          [737]          [738]          [739]          
[740]          [741]          [742]          [743]          [744]          
[745]          [746]          [747]          [748] 7568     [749]          
[750]          [751]          [752]          [753]          [754]          
[755]          [756]          [757] 3887     [758] 9478     [759]          
[760]          [761]          [762]          [763]          [764]          
[765]          [766]          [767]          [768] 3888     [769] 3479     
[770]          [771]          [772] 2252     [773]          [774]          
[775]          [776] 9616     [777]          [778]          [779]          
[780]          [781]          [782] 4162     [783]          [784]          
[785] 8935     [786]          [787]          [788]          [789] 2799     
[790]          [791]          [792]          [793]          [794]          
[795]          [796]          [797] 2527     [798]          [799]          
[800]          [801]          [802]          [803]          [804]          
[805]          [806]          [807]          [808]          [809]          
[810]          [811]          [812]          [813]          [814]          
[815]          [816]          [817]          [818]          [819]          
[820] 9620     [821] 9211     [822]          [823]          [824] 3484     
[825]          [826]          [827]          [828]          [829]          
[830]          [831]          [832]          [833]          [834]          
[835]          [836]          [837]          [838]          [839]          
[840] 5940     [841]          [842] 9622     [843]          [844]          
[845]          [846] 9486     [847]          [848]          [849]          
[850]          [851]          [852]          [853]          [854]          
[855]          [856]          [857]          [858]          [859] 7169     
[860]          [861]          [862]          [863]          [864]          
[865]          [866]          [867]          [868]          [869]          
[870]          [871]          [872]          [873]          [874] 7034     
[875]          [876]          [877] 2807     [878] 2398     [879]          
[880]          [881]          [882]          [883]          [884]          
[885] 2535     [886]          [887]          [888]          [889] 6899     
[890] 3490     [891]          [892]          [893]          [894]          
[895] 4445     [896]          [897]          [898]          [899]          
[900]          [901]          [902]          [903]          [904]          
[905]          [906]          [907] 7037     [908]          [909]          
[910]          [911]          [912]          [913]          [914] 8674     
[915]          [916]          [917]          [918]          [919] 3629     
[920]          [921]          [922]          [923]          [924]          
[925] 2675     [926] 3766     [927]          [928]          [929]          
[930]          [931]          [932]          [933]          [934]          
[935]          [936]          [937]          [938]          [939] 1449     
[940]          [941]          [942]          [943]          [944]          
[945]          [946]          [947]          [948]          [949] 359      
[950]          [951]          [952]          [953]          [954] 2814     
[955]          [956]          [957]          [958]          [959] 6769     
[960]          [961]          [962]          [963]          [964]          
[965]          [966]          [967]          [968]          [969]          
[970]          [971]          [972]          [973]          [974]          
[975]          [976] 5816     [977]          [978] 6498     [979]          
[980]          [981] 2271     [982] 6362     [983]          [984]          
[985] 635      [986]          [987]          [988] 908      [989]          
[990]          [991]          [992]          [993] 6363     [994]          
[995]          [996] 3636     [997] 1727     [998]          [999]          
[1000]         [1001]         [1002]         [1003] 773     [1004]         
[1005]         [1006]         [1007]         [1008] 7728    [1009]         
[1010]         [1011] 5001    [1012]         [1013]         [1014]         
[1015] 1865    [1016]         [1017]         [1018]         [1019] 7729    
[1020]         [1021]         [1022]         [1023] 3093    [1024]         
[1025] 775     [1026]         [1027]         [1028]         [1029]         
[1030]         [1031]         [1032]         [1033] 503     [1034]         
[1035]         [1036]         [1037]         [1038]         [1039]         
[1040]         [1041] 7731    [1042]         [1043]         [1044] 3504    
[1045]         [1046]         [1047] 777     [1048]         [1049] 7459    
[1050] 8550    [1051]         [1052]         [1053]         [1054]         
[1055]         [1056]         [1057]         [1058]         [1059] 6369    
[1060]         [1061]         [1062]         [1063]         [1064]         
[1065]         [1066]         [1067]         [1068] 2688    [1069]         
[1070]         [1071]         [1072]         [1073]         [1074]         
[1075]         [1076]         [1077]         [1078]         [1079]         
[1080] 780     [1081]         [1082]         [1083]         [1084]         
[1085]         [1086]         [1087]         [1088]         [1089]         
[1090]         [1091]         [1092]         [1093]         [1094] 2554    
[1095]         [1096] 7736    [1097]         [1098]         [1099]         
[1100]         [1101]         [1102]         [1103]         [1104] 4464    
[1105]         [1106]         [1107]         [1108]         [1109]         
[1110] 2010    [1111]         [1112]         [1113]         [1114] 1874    
[1115]         [1116]         [1117] 6647    [1118]         [1119]         
[1120]         [1121]         [1122] 1602    [1123]         [1124]         
[1125]         [1126]         [1127]         [1128]         [1129] 1739    
[1130]         [1131]         [1132] 6512    [1133]         [1134]         
[1135]         [1136]         [1137]         [1138]         [1139]         
[1140]         [1141]         [1142]         [1143]         [1144] 6104    
[1145]         [1146]         [1147]         [1148]         [1149]         
[1150]         [1151]         [1152]         [1153]         [1154]         
[1155]         [1156]         [1157]         [1158]         [1159]         
[1160]         [1161]         [1162]         [1163]         [1164]         
[1165]         [1166]         [1167]         [1168]         [1169]         
[1170]         [1171] 5561    [1172] 8152    [1173]         [1174]         
[1175]         [1176]         [1177]         [1178] 7198    [1179]         
[1180]         [1181]         [1182]         [1183]         [1184] 3244    
[1185]         [1186]         [1187]         [1188]         [1189]         
[1190]         [1191]         [1192]         [1193]         [1194]         
[1195]         [1196] 2836    [1197]         [1198]         [1199]         
[1200]         [1201] 8291    [1202]         [1203]         [1204] 8564    
[1205] 3655    [1206]         [1207]         [1208]         [1209]         
[1210]         [1211]         [1212]         [1213] 3383    [1214]         
[1215]         [1216]         [1217]         [1218]         [1219]         
[1220]         [1221] 1611    [1222]         [1223]         [1224]         
[1225]         [1226]         [1227]         [1228]         [1229]         
[1230] 930     [1231]         [1232]         [1233]         [1234]         
[1235]         [1236]         [1237] 7067    [1238] 9658    [1239]         
[1240]         [1241]         [1242]         [1243]         [1244]         
[1245]         [1246]         [1247]         [1248]         [1249]         
[1250] 9250    [1251] 5841    [1252]         [1253]         [1254] 6114    
[1255]         [1256]         [1257]         [1258]         [1259]         
[1260] 3660    [1261] 6251    [1262] 8842    [1263]         [1264]         
[1265]         [1266]         [1267]         [1268]         [1269]         
[1270]         [1271]         [1272] 252     [1273]         [1274]         
[1275]         [1276]         [1277]         [1278]         [1279]         
[1280]         [1281]         [1282]         [1283] 6253    [1284] 2844    
[1285]         [1286]         [1287]         [1288]         [1289]         
[1290]         [1291]         [1292]         [1293]         [1294]         
[1295]         [1296]         [1297] 3527    [1298]         [1299]         
[1300]         [1301]         [1302]         [1303]         [1304]         
[1305]         [1306]         [1307] 2437    [1308]         [1309]         
[1310]         [1311]         [1312]         [1313]         [1314]         
[1315]         [1316]         [1317]         [1318]         [1319]         
[1320]         [1321]         [1322]         [1323] 393     [1324]         
[1325]         [1326]         [1327]         [1328]         [1329]         
[1330]         [1331]         [1332] 2712    [1333]         [1334]         
[1335]         [1336]         [1337]         [1338]         [1339]         
[1340]         [1341]         [1342]         [1343]         [1344]         
[1345]         [1346] 2986    [1347]         [1348]         [1349]         
[1350] 1350    [1351] 3941    [1352]         [1353]         [1354]         
[1355] 6805    [1356]         [1357]         [1358] 8578    [1359]         
[1360]         [1361]         [1362]         [1363]         [1364]         
[1365]         [1366]         [1367]         [1368] 8988    [1369]         
[1370]         [1371]         [1372]         [1373]         [1374]         
[1375]         [1376]         [1377]         [1378]         [1379]         
[1380] 8580    [1381]         [1382]         [1383]         [1384] 6944    
[1385]         [1386] 9126    [1387]         [1388] 5308    [1389]         
[1390] 8990    [1391]         [1392]         [1393]         [1394]         
[1395]         [1396]         [1397]         [1398]         [1399]         
[1400]         [1401]         [1402]         [1403]         [1404]         
[1405]         [1406] 3946    [1407]         [1408]         [1409]         
[1410]         [1411]         [1412]         [1413]         [1414]         
[1415]         [1416]         [1417]         [1418]         [1419]         
[1420]         [1421]         [1422]         [1423]         [1424]         
[1425]         [1426]         [1427]         [1428]         [1429]         
[1430]         [1431]         [1432]         [1433]         [1434]         
[1435]         [1436]         [1437]         [1438]         [1439]         
[1440]         [1441]         [1442]         [1443]         [1444] 3404    
[1445]         [1446]         [1447]         [1448]         [1449]         
[1450]         [1451]         [1452]         [1453]         [1454]         
[1455]         [1456]         [1457]         [1458]         [1459]         
[1460]         [1461]         [1462]         [1463]         [1464]         
[1465]         [1466]         [1467]         [1468] 7088    [1469]         
[1470]         [1471]         [1472]         [1473]         [1474] 9134    
[1475]         [1476] 6816    [1477] 7907    [1478]         [1479]         
[1480]         [1481] 9271    [1482]         [1483]         [1484] 5044    
[1485]         [1486]         [1487] 6817    [1488]         [1489]         
[1490]         [1491]         [1492]         [1493]         [1494] 3954    
[1495]         [1496] 6136    [1497]         [1498]         [1499] 9409    
