Selecciona l'entrada [1], [2], [3], [4] o [5].
Selecciona la cerca [B]inary, [H]ash o [BL]oom.
Selecciona la tècnica [O]pen o [C]hain.
Selecciona la funció [L]inear, [Q]uadratic, [D]ouble o [C]uckoo.
#### INFORMACIÓ ####
Cerca: HASH
Tècnica: OPEN
Funció: CUCKOO
Ocupació: 31.7%
Var. passos: 13
#### INSERCIÓ ####
Mida: 1000
Salts: 505
Errors: 49
Temps: 0.035
#### CERCA ####
Mida: 2000
Salts: 0
Errors: 0
Temps total: 1.64
Temps trobats: 0.065
Temps no trobats: 0.801
#### RESULTAT ####
Trobats: 145
No trobats: 1855
#### TAULA RESULTANT 1 ####
[0]            [1]            [2] 6002       [3]            [4]            
[5]            [6] 3006       [7]            [8]            [9] 6009       
[10] 7510      [11] 7511      [12] 12        [13] 6013      [14]           
[15] 1515      [16]           [17]           [18]           [19]           
[20] 4520      [21] 4521      [22]           [23]           [24] 7524      
[25] 6025      [26]           [27] 9027      [28] 28        [29]           
[30]           [31]           [32] 32        [33]           [34]           
[35]           [36]           [37]           [38] 1538      [39] 6039      
[40] 3040      [41]           [42]           [43]           [44]           
[45] 7545      [46]           [47]           [48]           [49] 9049      
[50] 7550      [51] 7551      [52] 9052      [53]           [54] 4554      
[55]           [56]           [57] 57        [58] 9058      [59] 7559      
[60]           [61] 1561      [62] 3062      [63] 3063      [64]           
[65]           [66]           [67]           [68] 9068      [69]           
[70] 4570      [71] 9071      [72]           [73] 73        [74] 1574      
[75]           [76]           [77]           [78]           [79] 4579      
[80] 1580      [81]           [82]           [83] 83        [84] 9084      
[85] 3085      [86] 9086      [87] 4587      [88]           [89]           
[90]           [91]           [92] 4592      [93] 4593      [94] 4594      
[95] 6095      [96]           [97] 3097      [98]           [99] 3099      
[100]          [101] 7601     [102]          [103]          [104] 9104     
[105] 3105     [106]          [107] 107      [108] 6108     [109]          
[110] 4610     [111]          [112] 3112     [113]          [114] 1614     
[115] 9115     [116]          [117]          [118]          [119]          
[120] 6120     [121]          [122] 6122     [123] 9123     [124]          
[125] 6125     [126] 9126     [127]          [128]          [129] 7629     
[130] 6130     [131] 1631     [132]          [133]          [134]          
[135] 1635     [136]          [137]          [138]          [139]          
[140] 4640     [141] 6141     [142]          [143] 9143     [144] 6144     
[145] 7645     [146]          [147] 147      [148]          [149]          
[150] 150      [151] 7651     [152] 6152     [153] 3153     [154]          
[155]          [156] 7656     [157]          [158] 4658     [159]          
[160]          [161] 1661     [162] 3162     [163] 163      [164]          
[165] 4665     [166] 166      [167] 7667     [168]          [169] 6169     
[170]          [171]          [172] 4672     [173] 173      [174]          
[175]          [176] 6176     [177]          [178] 7678     [179] 1679     
[180]          [181]          [182] 4682     [183]          [184]          
[185] 1685     [186] 4686     [187]          [188] 4688     [189] 6189     
[190] 7690     [191]          [192] 1692     [193]          [194] 4694     
[195] 6195     [196] 7696     [197] 9197     [198] 1698     [199] 6199     
[200] 4700     [201] 4701     [202] 4702     [203]          [204]          
[205]          [206] 6206     [207]          [208]          [209]          
[210] 9210     [211] 7711     [212] 4712     [213] 1713     [214]          
[215]          [216]          [217]          [218]          [219]          
[220]          [221] 3221     [222] 222      [223]          [224]          
[225]          [226] 9226     [227]          [228] 4728     [229] 3229     
[230] 230      [231] 231      [232]          [233]          [234] 9234     
[235] 4735     [236]          [237] 7737     [238] 1738     [239] 4739     
[240]          [241]          [242]          [243]          [244]          
[245]          [246] 9246     [247]          [248] 248      [249] 4749     
[250]          [251] 3251     [252] 252      [253]          [254] 254      
[255] 1755     [256] 6256     [257]          [258] 1758     [259] 6259     
[260]          [261] 261      [262] 6262     [263] 9263     [264] 9264     
[265]          [266]          [267] 6267     [268]          [269]          
[270] 6270     [271] 7771     [272]          [273] 3273     [274] 7774     
[275]          [276] 276      [277] 1777     [278] 7778     [279] 4779     
[280]          [281] 3281     [282] 6282     [283] 9283     [284]          
[285] 1785     [286]          [287]          [288] 7788     [289] 1789     
[290]          [291] 3291     [292]          [293] 3293     [294]          
[295] 3295     [296] 4796     [297]          [298]          [299] 3299     
[300]          [301] 6301     [302] 6302     [303]          [304] 1804     
[305]          [306]          [307] 3307     [308] 1808     [309] 3309     
[310]          [311] 6311     [312] 9312     [313] 4813     [314] 3314     
[315] 3315     [316] 9316     [317] 1817     [318] 3318     [319]          
[320]          [321]          [322] 1822     [323]          [324] 4824     
[325] 6325     [326]          [327]          [328]          [329]          
[330]          [331]          [332] 7832     [333]          [334]          
[335]          [336]          [337] 9337     [338] 6338     [339] 4839     
[340] 6340     [341]          [342] 6342     [343]          [344]          
[345] 6345     [346]          [347] 4847     [348] 348      [349]          
[350]          [351] 9351     [352]          [353]          [354]          
[355] 355      [356] 7856     [357]          [358] 358      [359]          
[360] 6360     [361] 9361     [362]          [363] 3363     [364] 1864     
[365] 4865     [366] 6366     [367] 7867     [368] 1868     [369] 4869     
[370]          [371]          [372]          [373] 4873     [374]          
[375] 3375     [376]          [377] 3377     [378] 6378     [379]          
[380] 1880     [381] 1881     [382] 7882     [383] 6383     [384] 384      
[385] 9385     [386]          [387] 387      [388]          [389]          
[390]          [391]          [392]          [393]          [394] 1894     
[395]          [396] 9396     [397]          [398] 7898     [399]          
[400]          [401]          [402] 7902     [403] 4903     [404]          
[405]          [406]          [407]          [408] 6408     [409]          
[410]          [411]          [412]          [413] 3413     [414]          
[415] 3415     [416] 6416     [417]          [418]          [419] 9419     
[420]          [421] 4921     [422]          [423] 3423     [424] 7924     
[425] 4925     [426]          [427]          [428]          [429] 3429     
[430]          [431]          [432] 3432     [433]          [434]          
[435] 1935     [436] 3436     [437] 3437     [438] 4938     [439]          
[440] 3440     [441] 441      [442]          [443] 9443     [444] 4944     
[445]          [446]          [447]          [448]          [449] 9449     
[450]          [451] 7951     [452]          [453]          [454] 6454     
[455]          [456] 6456     [457]          [458]          [459] 3459     
[460]          [461]          [462]          [463] 463      [464]          
[465]          [466] 9466     [467]          [468]          [469]          
[470] 7970     [471]          [472]          [473] 6473     [474] 1974     
[475] 4975     [476]          [477]          [478]          [479]          
[480]          [481]          [482] 1982     [483] 3483     [484]          
[485] 3485     [486] 4986     [487]          [488] 9488     [489] 489      
[490] 9490     [491]          [492]          [493] 3493     [494] 6494     
[495] 7995     [496] 1996     [497] 7997     [498]          [499] 9499     
[500]          [501]          [502]          [503]          [504] 9504     
[505] 8005     [506]          [507]          [508] 508      [509]          
[510]          [511]          [512]          [513]          [514] 8014     
[515] 3515     [516] 2016     [517] 8017     [518] 2018     [519] 6519     
[520]          [521]          [522] 522      [523]          [524]          
[525]          [526]          [527]          [528]          [529]          
[530]          [531] 531      [532] 2032     [533] 3533     [534]          
[535]          [536]          [537]          [538] 8038     [539] 6539     
[540] 9540     [541]          [542]          [543] 543      [544]          
[545]          [546]          [547]          [548]          [549]          
[550]          [551] 3551     [552] 9552     [553]          [554] 554      
[555] 8055     [556]          [557]          [558]          [559] 9559     
[560]          [561]          [562] 9562     [563]          [564] 9564     
[565]          [566]          [567] 567      [568] 8068     [569] 8069     
[570]          [571]          [572] 3572     [573]          [574]          
[575] 5075     [576] 3576     [577]          [578] 578      [579] 5079     
[580]          [581]          [582]          [583]          [584] 6584     
[585]          [586] 9586     [587] 6587     [588]          [589]          
[590]          [591] 5091     [592]          [593]          [594] 5094     
[595]          [596] 9596     [597] 8097     [598]          [599] 3599     
[600] 6600     [601] 6601     [602]          [603] 2103     [604]          
[605] 6605     [606] 2106     [607]          [608] 5108     [609]          
[610]          [611]          [612]          [613]          [614] 614      
[615]          [616]          [617] 9617     [618] 6618     [619] 3619     
[620] 9620     [621]          [622] 622      [623] 9623     [624] 6624     
[625] 625      [626] 2126     [627]          [628] 9628     [629]          
[630] 2130     [631]          [632] 6632     [633] 3633     [634] 6634     
[635]          [636] 3636     [637] 5137     [638] 9638     [639]          
[640] 5140     [641] 6641     [642]          [643]          [644]          
[645] 3645     [646] 646      [647]          [648]          [649]          
[650] 5150     [651]          [652]          [653]          [654]          
[655]          [656] 6656     [657]          [658]          [659]          
[660]          [661] 3661     [662]          [663]          [664] 8164     
[665] 2165     [666] 9666     [667]          [668] 9668     [669] 9669     
[670]          [671]          [672]          [673] 9673     [674]          
[675] 8175     [676] 676      [677]          [678]          [679]          
[680]          [681] 6681     [682] 6682     [683]          [684] 2184     
[685]          [686]          [687] 9687     [688] 3688     [689]          
[690]          [691]          [692] 5192     [693]          [694]          
[695] 695      [696] 8196     [697] 8197     [698] 698      [699]          
[700] 9700     [701] 8201     [702] 8202     [703] 5203     [704] 704      
[705] 705      [706]          [707] 9707     [708]          [709] 3709     
[710]          [711]          [712]          [713] 3713     [714]          
[715] 2215     [716] 3716     [717]          [718]          [719] 9719     
[720] 9720     [721]          [722]          [723] 9723     [724] 2224     
[725]          [726] 8226     [727]          [728]          [729]          
[730] 6730     [731] 9731     [732]          [733]          [734] 2234     
[735]          [736]          [737] 8237     [738]          [739]          
[740]          [741] 5241     [742]          [743]          [744]          
[745]          [746]          [747] 8247     [748] 748      [749]          
[750]          [751]          [752] 9752     [753] 8253     [754]          
[755] 8255     [756] 756      [757] 8257     [758] 9758     [759]          
[760] 3760     [761] 8261     [762] 2262     [763] 3763     [764] 2264     
[765]          [766]          [767] 9767     [768] 3768     [769] 769      
[770]          [771] 6771     [772]          [773] 5273     [774]          
[775]          [776]          [777] 5277     [778] 778      [779] 779      
[780]          [781] 2281     [782]          [783]          [784]          
[785]          [786] 2286     [787]          [788] 6788     [789]          
[790] 2290     [791] 3791     [792] 9792     [793]          [794]          
[795] 9795     [796]          [797]          [798] 6798     [799]          
[800]          [801]          [802]          [803]          [804]          
[805] 2305     [806] 3806     [807]          [808]          [809] 3809     
[810] 810      [811] 8311     [812] 8312     [813]          [814] 8314     
[815] 9815     [816] 9816     [817]          [818]          [819] 5319     
[820] 9820     [821] 6821     [822] 3822     [823] 2323     [824]          
[825]          [826]          [827] 6827     [828]          [829]          
[830]          [831]          [832] 3832     [833]          [834]          
[835]          [836] 3836     [837] 8337     [838] 8338     [839]          
[840]          [841] 2341     [842]          [843]          [844] 9844     
[845] 5345     [846] 3846     [847]          [848] 5348     [849]          
[850]          [851]          [852]          [853] 6853     [854] 9854     
[855] 8355     [856]          [857] 6857     [858] 2358     [859] 6859     
[860] 3860     [861]          [862]          [863]          [864]          
[865] 6865     [866] 9866     [867]          [868]          [869]          
[870]          [871] 5371     [872]          [873] 3873     [874] 6874     
[875] 875      [876] 3876     [877] 6877     [878]          [879] 8379     
[880] 2380     [881] 8381     [882]          [883]          [884] 884      
[885]          [886]          [887] 6887     [888]          [889] 9889     
[890]          [891]          [892] 2392     [893]          [894]          
[895]          [896]          [897]          [898] 2398     [899] 9899     
[900]          [901]          [902]          [903] 5403     [904]          
[905] 9905     [906] 6906     [907] 5407     [908] 3908     [909]          
[910]          [911] 2411     [912] 2412     [913] 2413     [914] 5414     
[915] 915      [916] 916      [917]          [918]          [919] 919      
[920]          [921] 9921     [922] 9922     [923]          [924] 9924     
[925] 5425     [926] 5426     [927]          [928]          [929]          
[930]          [931]          [932] 5432     [933] 933      [934]          
[935]          [936] 2436     [937]          [938] 9938     [939]          
[940]          [941] 8441     [942] 9942     [943]          [944] 9944     
[945] 9945     [946] 2446     [947]          [948]          [949]          
[950] 8450     [951] 5451     [952] 2452     [953] 3953     [954]          
[955] 955      [956] 9956     [957] 5457     [958]          [959] 959      
[960] 3960     [961] 9961     [962] 3962     [963] 9963     [964]          
[965] 6965     [966] 6966     [967] 6967     [968] 968      [969] 3969     
[970]          [971]          [972] 972      [973]          [974] 2474     
[975] 9975     [976]          [977]          [978] 9978     [979]          
[980]          [981] 981      [982]          [983] 2483     [984]          
[985]          [986]          [987] 987      [988] 6988     [989] 8489     
[990] 2490     [991] 8491     [992]          [993]          [994]          
[995] 8495     [996]          [997]          [998]          [999] 6999     
[1000]         [1001]         [1002]         [1003] 5503    [1004] 7004    
[1005] 2505    [1006]         [1007] 2507    [1008] 7008    [1009] 5509    
[1010] 1010    [1011] 1011    [1012] 1012    [1013] 1013    [1014] 4014    
[1015] 4015    [1016] 7016    [1017]         [1018]         [1019]         
[1020] 2520    [1021]         [1022]         [1023] 2523    [1024]         
[1025]         [1026] 2526    [1027] 5527    [1028]         [1029] 5529    
[1030] 8530    [1031]         [1032]         [1033] 4033    [1034]         
[1035] 7035    [1036]         [1037]         [1038]         [1039]         
[1040]         [1041] 8541    [1042]         [1043] 2543    [1044]         
[1045]         [1046]         [1047] 5547    [1048] 4048    [1049]         
[1050] 1050    [1051] 2551    [1052] 2552    [1053]         [1054]         
[1055]         [1056]         [1057]         [1058]         [1059]         
[1060]         [1061]         [1062]         [1063] 7063    [1064]         
[1065]         [1066]         [1067] 5567    [1068]         [1069] 8569    
[1070] 2570    [1071] 8571    [1072]         [1073]         [1074]         
[1075] 5575    [1076] 2576    [1077]         [1078]         [1079] 7079    
[1080] 5580    [1081] 7081    [1082]         [1083] 4083    [1084] 7084    
[1085] 2585    [1086] 8586    [1087]         [1088]         [1089]         
[1090]         [1091] 7091    [1092] 1092    [1093] 7093    [1094] 8594    
[1095]         [1096]         [1097]         [1098] 1098    [1099]         
[1100]         [1101] 4101    [1102] 8602    [1103] 1103    [1104] 2604    
[1105]         [1106] 7106    [1107]         [1108] 1108    [1109] 1109    
[1110]         [1111] 8611    [1112]         [1113] 5613    [1114]         
[1115]         [1116]         [1117] 4117    [1118] 4118    [1119] 2619    
[1120] 1120    [1121]         [1122] 1122    [1123]         [1124] 1124    
[1125]         [1126]         [1127]         [1128] 5628    [1129] 1129    
[1130]         [1131]         [1132] 4132    [1133]         [1134] 1134    
[1135]         [1136]         [1137]         [1138]         [1139] 2639    
[1140] 8640    [1141]         [1142] 2642    [1143]         [1144] 7144    
[1145] 1145    [1146] 5646    [1147]         [1148] 5648    [1149]         
[1150]         [1151] 2651    [1152] 5652    [1153] 5653    [1154]         
[1155]         [1156]         [1157] 5657    [1158] 7158    [1159] 4159    
[1160]         [1161]         [1162] 2662    [1163]         [1164]         
[1165]         [1166] 5666    [1167] 4167    [1168] 1168    [1169]         
[1170]         [1171] 1171    [1172] 5672    [1173]         [1174]         
[1175]         [1176] 5676    [1177]         [1178] 5678    [1179]         
[1180]         [1181]         [1182] 4182    [1183] 1183    [1184]         
[1185] 7185    [1186] 8686    [1187] 2687    [1188]         [1189]         
[1190]         [1191]         [1192]         [1193] 4193    [1194] 4194    
[1195] 4195    [1196]         [1197] 2697    [1198]         [1199]         
[1200]         [1201]         [1202]         [1203]         [1204] 8704    
[1205] 2705    [1206]         [1207] 2707    [1208] 1208    [1209]         
[1210]         [1211]         [1212] 1212    [1213] 7213    [1214] 4214    
[1215]         [1216]         [1217]         [1218]         [1219] 4219    
[1220] 2720    [1221]         [1222]         [1223]         [1224]         
[1225] 1225    [1226]         [1227]         [1228]         [1229] 5729    
[1230] 2730    [1231]         [1232] 5732    [1233] 5733    [1234] 1234    
[1235] 1235    [1236]         [1237]         [1238] 4238    [1239]         
[1240]         [1241] 5741    [1242]         [1243] 1243    [1244]         
[1245] 4245    [1246] 5746    [1247]         [1248] 1248    [1249] 4249    
[1250]         [1251] 2751    [1252] 8752    [1253]         [1254]         
[1255] 2755    [1256] 2756    [1257]         [1258] 7258    [1259]         
[1260]         [1261]         [1262] 8762    [1263] 2763    [1264]         
[1265] 5765    [1266] 5766    [1267]         [1268]         [1269] 5769    
[1270] 7270    [1271]         [1272]         [1273] 2773    [1274]         
[1275]         [1276]         [1277]         [1278]         [1279]         
[1280] 5780    [1281] 7281    [1282] 7282    [1283]         [1284]         
[1285]         [1286]         [1287]         [1288]         [1289]         
[1290] 8790    [1291]         [1292]         [1293] 4293    [1294]         
[1295]         [1296] 4296    [1297] 8797    [1298] 5798    [1299]         
[1300]         [1301] 2801    [1302]         [1303]         [1304]         
[1305] 8805    [1306] 5806    [1307] 5807    [1308]         [1309]         
[1310] 7310    [1311] 7311    [1312]         [1313]         [1314]         
[1315] 4315    [1316] 2816    [1317] 8817    [1318]         [1319] 1319    
[1320]         [1321] 8821    [1322] 4322    [1323] 2823    [1324]         
[1325] 5825    [1326]         [1327] 2827    [1328] 1328    [1329]         
[1330] 5830    [1331]         [1332] 5832    [1333] 5833    [1334]         
[1335] 8835    [1336] 7336    [1337] 8837    [1338] 7338    [1339]         
[1340] 7340    [1341] 5841    [1342] 7342    [1343]         [1344]         
[1345] 4345    [1346] 8846    [1347]         [1348]         [1349] 4349    
[1350]         [1351]         [1352] 5852    [1353]         [1354] 8854    
[1355]         [1356] 1356    [1357]         [1358]         [1359]         
[1360] 7360    [1361] 8861    [1362]         [1363] 1363    [1364]         
[1365] 7365    [1366] 1366    [1367] 4367    [1368] 5868    [1369] 2869    
[1370] 1370    [1371]         [1372] 8872    [1373] 4373    [1374] 5874    
[1375] 7375    [1376]         [1377] 1377    [1378] 4378    [1379]         
[1380]         [1381]         [1382]         [1383]         [1384] 1384    
[1385] 4385    [1386]         [1387]         [1388]         [1389]         
[1390] 5890    [1391] 2891    [1392] 8892    [1393]         [1394]         
[1395]         [1396] 8896    [1397]         [1398] 8898    [1399] 1399    
[1400]         [1401] 7401    [1402] 4402    [1403] 4403    [1404]         
[1405] 1405    [1406] 2906    [1407]         [1408]         [1409]         
[1410]         [1411] 2911    [1412] 2912    [1413]         [1414]         
[1415]         [1416]         [1417]         [1418]         [1419]         
[1420]         [1421] 1421    [1422] 4422    [1423]         [1424]         
[1425]         [1426]         [1427] 7427    [1428] 5928    [1429]         
[1430] 5930    [1431]         [1432] 5932    [1433] 4433    [1434]         
[1435] 7435    [1436] 2936    [1437] 4437    [1438]         [1439] 1439    
[1440]         [1441]         [1442]         [1443]         [1444]         
[1445]         [1446]         [1447]         [1448] 5948    [1449]         
[1450]         [1451]         [1452] 4452    [1453] 2953    [1454] 5954    
[1455]         [1456] 7456    [1457] 5957    [1458]         [1459]         
[1460]         [1461]         [1462] 4462    [1463]         [1464]         
[1465]         [1466] 7466    [1467]         [1468] 5968    [1469]         
[1470]         [1471] 1471    [1472] 7472    [1473] 1473    [1474]         
[1475]         [1476]         [1477] 4477    [1478] 4478    [1479]         
[1480]         [1481]         [1482]         [1483] 7483    [1484] 1484    
[1485]         [1486] 4486    [1487]         [1488]         [1489] 1489    
[1490] 8990    [1491]         [1492] 1492    [1493]         [1494] 1494    
[1495]         [1496] 5996    [1497]         [1498]         [1499]         
#### TAULA RESULTANT 2 ####
[0]            [1]            [2]            [3]            [4]            
[5] 3955       [6]            [7]            [8]            [9]            
[10]           [11]           [12] 8592      [13]           [14]           
[15]           [16]           [17]           [18]           [19]           
[20]           [21]           [22]           [23] 4093      [24]           
[25]           [26]           [27]           [28]           [29]           
[30]           [31] 2321      [32]           [33]           [34] 8594      
[35]           [36] 276       [37]           [38]           [39]           
[40] 7640      [41]           [42] 9822      [43] 1913      [44]           
[45]           [46]           [47]           [48]           [49] 2459      
[50]           [51]           [52] 1232      [53]           [54]           
[55]           [56]           [57] 687       [58] 7778      [59]           
[60] 2460      [61]           [62]           [63]           [64]           
[65] 415       [66]           [67]           [68]           [69]           
[70]           [71]           [72]           [73]           [74] 8734      
[75]           [76]           [77]           [78]           [79]           
[80]           [81]           [82] 9962      [83]           [84]           
[85]           [86]           [87]           [88]           [89]           
[90]           [91]           [92]           [93]           [94]           
[95]           [96]           [97]           [98]           [99]           
[100]          [101]          [102]          [103]          [104]          
[105]          [106]          [107]          [108]          [109] 9419     
[110]          [111]          [112]          [113]          [114] 2874     
[115]          [116]          [117]          [118]          [119]          
[120]          [121] 9011     [122]          [123]          [124]          
[125]          [126] 3966     [127]          [128]          [129]          
[130]          [131]          [132]          [133] 1103     [134]          
[135] 3285     [136]          [137] 6967     [138]          [139]          
[140]          [141]          [142]          [143]          [144]          
[145]          [146]          [147]          [148] 2468     [149] 9559     
[150] 3150     [151] 7241     [152]          [153] 4923     [154]          
[155]          [156]          [157]          [158] 7378     [159]          
[160]          [161]          [162]          [163]          [164]          
[165]          [166]          [167]          [168] 288      [169]          
[170]          [171]          [172]          [173]          [174]          
[175]          [176]          [177]          [178]          [179]          
[180]          [181]          [182]          [183]          [184]          
[185]          [186]          [187]          [188] 2608     [189]          
[190]          [191]          [192] 972      [193]          [194]          
[195]          [196] 2336     [197]          [198]          [199]          
[200]          [201]          [202]          [203]          [204] 5064     
[205]          [206]          [207]          [208]          [209]          
[210]          [211]          [212]          [213]          [214]          
[215]          [216] 9156     [217]          [218]          [219]          
[220] 20       [221]          [222]          [223]          [224]          
[225]          [226]          [227]          [228]          [229]          
[230]          [231]          [232]          [233]          [234]          
[235]          [236]          [237]          [238]          [239]          
[240]          [241]          [242]          [243]          [244]          
[245]          [246]          [247]          [248]          [249]          
[250]          [251]          [252]          [253]          [254]          
[255] 9705     [256]          [257]          [258] 5478     [259]          
[260]          [261]          [262]          [263]          [264]          
[265]          [266]          [267]          [268]          [269]          
[270]          [271]          [272]          [273]          [274]          
[275]          [276]          [277]          [278]          [279]          
[280]          [281]          [282]          [283]          [284]          
[285] 3435     [286]          [287] 7117     [288]          [289]          
[290]          [291]          [292]          [293] 1663     [294]          
[295]          [296] 3436     [297]          [298]          [299] 709      
[300]          [301]          [302]          [303]          [304]          
[305]          [306]          [307]          [308]          [309] 4119     
[310]          [311]          [312]          [313]          [314]          
[315]          [316]          [317]          [318]          [319]          
[320]          [321]          [322] 7802     [323]          [324]          
[325]          [326]          [327]          [328] 3848     [329]          
[330]          [331]          [332]          [333]          [334]          
[335]          [336]          [337]          [338]          [339]          
[340]          [341]          [342]          [343]          [344]          
[345]          [346]          [347]          [348]          [349]          
[350]          [351] 6441     [352] 6032     [353]          [354]          
[355]          [356]          [357] 9987     [358]          [359]          
[360]          [361]          [362]          [363]          [364] 8624     
[365]          [366]          [367]          [368] 5488     [369]          
[370]          [371]          [372]          [373] 3443     [374]          
[375]          [376]          [377] 7807     [378]          [379]          
[380]          [381]          [382]          [383] 6853     [384]          
[385]          [386]          [387]          [388]          [389]          
[390] 9990     [391]          [392]          [393]          [394] 2354     
[395]          [396]          [397]          [398]          [399]          
[400]          [401]          [402]          [403]          [404]          
[405]          [406]          [407]          [408]          [409]          
[410]          [411]          [412]          [413]          [414]          
[415]          [416]          [417]          [418]          [419]          
[420]          [421]          [422]          [423]          [424] 5084     
[425]          [426]          [427]          [428]          [429]          
[430]          [431]          [432]          [433]          [434]          
[435]          [436]          [437]          [438]          [439]          
[440]          [441]          [442]          [443]          [444]          
[445]          [446] 8086     [447]          [448]          [449]          
[450]          [451]          [452] 8632     [453]          [454]          
[455]          [456]          [457]          [458]          [459] 8769     
[460]          [461]          [462]          [463]          [464]          
[465] 7815     [466]          [467]          [468]          [469]          
[470]          [471]          [472]          [473]          [474]          
[475]          [476] 7816     [477]          [478]          [479]          
[480]          [481]          [482]          [483]          [484]          
[485]          [486]          [487]          [488]          [489]          
[490]          [491]          [492]          [493]          [494]          
[495]          [496]          [497]          [498] 1818     [499]          
[500]          [501]          [502]          [503]          [504]          
[505]          [506]          [507]          [508]          [509]          
[510]          [511]          [512]          [513]          [514]          
[515]          [516] 6456     [517]          [518]          [519]          
[520]          [521]          [522]          [523]          [524]          
[525]          [526]          [527]          [528]          [529] 7139     
[530]          [531]          [532] 8912     [533]          [534] 6594     
[535]          [536]          [537]          [538]          [539]          
[540]          [541]          [542]          [543]          [544]          
[545]          [546]          [547]          [548]          [549] 7959     
[550]          [551]          [552]          [553]          [554]          
[555]          [556]          [557]          [558]          [559]          
[560]          [561]          [562]          [563]          [564]          
[565]          [566]          [567]          [568]          [569]          
[570]          [571]          [572]          [573]          [574] 3734     
[575]          [576]          [577]          [578]          [579]          
[580]          [581]          [582]          [583]          [584]          
[585]          [586]          [587]          [588] 4008     [589]          
[590]          [591]          [592]          [593]          [594]          
[595]          [596]          [597]          [598]          [599]          
[600]          [601]          [602]          [603]          [604]          
[605]          [606] 5646     [607] 8237     [608]          [609]          
[610]          [611]          [612]          [613]          [614]          
[615]          [616]          [617]          [618]          [619]          
[620]          [621]          [622]          [623]          [624]          
[625] 6875     [626]          [627]          [628]          [629]          
[630]          [631]          [632]          [633]          [634] 194      
[635]          [636]          [637]          [638]          [639]          
[640]          [641]          [642]          [643] 7013     [644]          
[645]          [646]          [647] 2377     [648]          [649] 4559     
[650]          [651]          [652]          [653]          [654] 5514     
[655] 6605     [656] 4696     [657]          [658]          [659]          
[660]          [661]          [662]          [663]          [664]          
[665]          [666]          [667]          [668]          [669] 9879     
[670]          [671] 61       [672]          [673]          [674]          
[675]          [676]          [677]          [678]          [679]          
[680]          [681]          [682] 1562     [683] 2653     [684]          
[685]          [686]          [687]          [688] 2108     [689]          
[690]          [691]          [692]          [693]          [694]          
[695]          [696]          [697] 4427     [698]          [699]          
[700] 7700     [701]          [702]          [703]          [704]          
[705]          [706]          [707]          [708] 2928     [709]          
[710]          [711]          [712]          [713]          [714]          
[715]          [716]          [717] 6747     [718] 7838     [719]          
[720]          [721]          [722] 6202     [723]          [724] 8384     
[725]          [726]          [727] 7157     [728]          [729]          
[730] 7430     [731]          [732]          [733]          [734]          
[735]          [736]          [737]          [738]          [739]          
[740]          [741]          [742]          [743]          [744]          
[745]          [746]          [747]          [748]          [749]          
[750]          [751]          [752] 5932     [753] 5523     [754] 6614     
[755]          [756]          [757] 8387     [758]          [759]          
[760]          [761]          [762] 6342     [763]          [764]          
[765]          [766] 6206     [767]          [768]          [769]          
[770] 70       [771]          [772]          [773]          [774]          
[775]          [776]          [777]          [778]          [779]          
[780]          [781]          [782] 8662     [783] 6753     [784]          
[785]          [786]          [787] 3617     [788]          [789]          
[790]          [791]          [792]          [793]          [794]          
[795]          [796] 4436     [797]          [798]          [799]          
[800]          [801]          [802]          [803]          [804]          
[805]          [806]          [807]          [808]          [809]          
[810] 1710     [811]          [812] 6892     [813] 1983     [814] 3074     
[815]          [816]          [817]          [818]          [819]          
[820]          [821] 9211     [822]          [823]          [824]          
[825]          [826] 7166     [827]          [828]          [829] 1439     
[830]          [831]          [832]          [833]          [834]          
[835] 1985     [836]          [837]          [838]          [839]          
[840]          [841]          [842]          [843]          [844]          
[845]          [846] 3486     [847]          [848]          [849]          
[850]          [851]          [852]          [853] 623      [854]          
[855]          [856]          [857]          [858]          [859]          
[860]          [861]          [862]          [863]          [864] 624      
[865]          [866]          [867]          [868]          [869]          
[870]          [871] 761      [872]          [873]          [874]          
[875] 6625     [876]          [877]          [878] 9898     [879]          
[880]          [881]          [882]          [883]          [884]          
[885]          [886] 5126     [887]          [888]          [889] 9899     
[890]          [891]          [892] 4172     [893] 6763     [894]          
[895]          [896]          [897]          [898]          [899]          
[900]          [901]          [902]          [903]          [904] 764      
[905]          [906]          [907]          [908]          [909]          
[910] 1310     [911]          [912]          [913]          [914]          
[915]          [916] 356      [917]          [918]          [919]          
[920]          [921]          [922]          [923]          [924]          
[925]          [926]          [927]          [928]          [929]          
[930]          [931]          [932]          [933]          [934]          
[935]          [936]          [937] 5267     [938]          [939]          
[940]          [941]          [942] 9222     [943]          [944]          
[945] 7995     [946] 7586     [947]          [948] 9768     [949]          
[950]          [951]          [952]          [953]          [954]          
[955] 905      [956]          [957] 3087     [958]          [959]          
[960] 3360     [961]          [962]          [963] 8133     [964]          
[965]          [966] 5406     [967] 1997     [968]          [969]          
[970]          [971]          [972] 8952     [973] 1043     [974]          
[975]          [976]          [977] 3907     [978]          [979]          
[980]          [981]          [982]          [983]          [984]          
[985]          [986]          [987]          [988] 908      [989]          
[990]          [991]          [992]          [993] 1863     [994]          
[995]          [996] 5136     [997]          [998]          [999]          
[1000]         [1001]         [1002] 4182    [1003]         [1004]         
[1005]         [1006]         [1007]         [1008]         [1009]         
[1010]         [1011]         [1012] 4592    [1013]         [1014]         
[1015] 6365    [1016]         [1017]         [1018] 5138    [1019] 7729    
[1020]         [1021]         [1022]         [1023]         [1024]         
[1025]         [1026]         [1027]         [1028]         [1029]         
[1030] 230     [1031] 5821    [1032] 6912    [1033]         [1034]         
[1035]         [1036]         [1037]         [1038]         [1039]         
[1040]         [1041]         [1042]         [1043]         [1044]         
[1045]         [1046]         [1047] 2277    [1048]         [1049]         
[1050]         [1051]         [1052]         [1053]         [1054]         
[1055]         [1056]         [1057] 2687    [1058]         [1059]         
[1060]         [1061]         [1062]         [1063]         [1064]         
[1065]         [1066]         [1067] 3097    [1068]         [1069]         
[1070]         [1071]         [1072]         [1073]         [1074] 3234    
[1075] 5825    [1076]         [1077]         [1078]         [1079]         
[1080]         [1081]         [1082]         [1083]         [1084]         
[1085] 4735    [1086]         [1087]         [1088]         [1089]         
[1090]         [1091]         [1092]         [1093]         [1094]         
[1095] 645     [1096]         [1097]         [1098]         [1099]         
[1100]         [1101]         [1102]         [1103] 1873    [1104]         
[1105]         [1106]         [1107]         [1108]         [1109]         
[1110]         [1111]         [1112]         [1113]         [1114]         
[1115]         [1116]         [1117]         [1118] 6238    [1119]         
[1120]         [1121]         [1122]         [1123] 5693    [1124]         
[1125]         [1126] 2966    [1127]         [1128]         [1129]         
[1130]         [1131]         [1132]         [1133]         [1134]         
[1135]         [1136]         [1137]         [1138]         [1139]         
[1140]         [1141]         [1142]         [1143]         [1144]         
[1145] 4195    [1146] 6786    [1147] 6377    [1148]         [1149]         
[1150] 8150    [1151]         [1152] 4332    [1153]         [1154]         
[1155] 3105    [1156]         [1157]         [1158]         [1159]         
[1160]         [1161]         [1162]         [1163]         [1164] 924     
[1165]         [1166]         [1167]         [1168]         [1169]         
[1170]         [1171]         [1172]         [1173]         [1174]         
[1175]         [1176]         [1177] 4607    [1178]         [1179]         
[1180]         [1181]         [1182]         [1183]         [1184]         
[1185] 2835    [1186]         [1187] 6517    [1188]         [1189]         
[1190]         [1191]         [1192]         [1193] 4063    [1194]         
[1195]         [1196]         [1197]         [1198]         [1199]         
[1200]         [1201] 791     [1202]         [1203] 2973    [1204]         
[1205]         [1206]         [1207] 8837    [1208]         [1209]         
[1210]         [1211]         [1212]         [1213] 1883    [1214]         
[1215]         [1216] 9656    [1217]         [1218]         [1219]         
[1220]         [1221]         [1222]         [1223]         [1224] 3384    
[1225]         [1226]         [1227]         [1228]         [1229]         
[1230]         [1231]         [1232] 4612    [1233]         [1234]         
[1235] 9385    [1236]         [1237]         [1238]         [1239]         
[1240]         [1241]         [1242]         [1243]         [1244]         
[1245]         [1246]         [1247]         [1248]         [1249]         
[1250]         [1251]         [1252]         [1253]         [1254]         
[1255]         [1256]         [1257] 9387    [1258]         [1259]         
[1260]         [1261]         [1262]         [1263]         [1264]         
[1265]         [1266]         [1267]         [1268]         [1269]         
[1270] 5570    [1271]         [1272]         [1273]         [1274]         
[1275]         [1276]         [1277] 8707    [1278] 3798    [1279]         
[1280]         [1281] 8571    [1282]         [1283]         [1284]         
[1285]         [1286]         [1287]         [1288]         [1289]         
[1290]         [1291]         [1292]         [1293]         [1294]         
[1295]         [1296]         [1297]         [1298]         [1299]         
[1300]         [1301]         [1302]         [1303]         [1304]         
[1305] 1755    [1306] 1346    [1307]         [1308]         [1309]         
[1310]         [1311]         [1312]         [1313]         [1314]         
[1315]         [1316] 6256    [1317]         [1318]         [1319]         
[1320]         [1321]         [1322]         [1323]         [1324]         
[1325]         [1326] 6666    [1327]         [1328]         [1329]         
[1330]         [1331]         [1332] 4212    [1333]         [1334]         
[1335]         [1336]         [1337]         [1338]         [1339] 5849    
[1340]         [1341]         [1342]         [1343] 8713    [1344]         
[1345]         [1346]         [1347]         [1348]         [1349] 3259    
[1350]         [1351]         [1352]         [1353]         [1354]         
[1355]         [1356]         [1357]         [1358]         [1359] 669     
[1360]         [1361]         [1362]         [1363]         [1364]         
[1365]         [1366]         [1367]         [1368]         [1369] 7079    
[1370]         [1371] 9261    [1372] 5852    [1373]         [1374]         
[1375]         [1376]         [1377]         [1378] 7898    [1379]         
[1380]         [1381]         [1382]         [1383]         [1384]         
[1385]         [1386]         [1387]         [1388]         [1389]         
[1390]         [1391]         [1392]         [1393] 7763    [1394] 4354    
[1395] 945     [1396]         [1397]         [1398]         [1399] 9809    
[1400]         [1401]         [1402]         [1403]         [1404]         
[1405]         [1406] 2446    [1407]         [1408]         [1409]         
[1410]         [1411]         [1412]         [1413]         [1414]         
[1415]         [1416]         [1417]         [1418] 2038    [1419] 3129    
[1420]         [1421] 6811    [1422] 9402    [1423]         [1424]         
[1425]         [1426]         [1427]         [1428]         [1429] 539     
[1430]         [1431]         [1432]         [1433]         [1434]         
[1435] 5585    [1436]         [1437] 6267    [1438]         [1439]         
[1440]         [1441]         [1442]         [1443]         [1444]         
[1445]         [1446]         [1447]         [1448]         [1449]         
[1450]         [1451]         [1452]         [1453]         [1454]         
[1455]         [1456]         [1457]         [1458]         [1459]         
[1460]         [1461] 6951    [1462]         [1463]         [1464]         
[1465] 815     [1466]         [1467]         [1468]         [1469]         
[1470] 7770    [1471]         [1472] 952     [1473]         [1474]         
[1475]         [1476]         [1477]         [1478]         [1479]         
[1480]         [1481]         [1482]         [1483] 2453    [1484]         
[1485] 1635    [1486]         [1487]         [1488]         [1489]         
[1490]         [1491]         [1492]         [1493] 8863    [1494]         
[1495]         [1496]         [1497]         [1498]         [1499]         
