Selecciona l'entrada [1], [2], [3], [4] o [5].
Selecciona la cerca [B]inary, [H]ash o [BL]oom.
Selecciona la tècnica [O]pen o [C]hain.
Selecciona la funció [M]ove to front o [E]xact fit.
#### INFORMACIÓ ####
Cerca: HASH
Tècnica: CHAIN
Funció: EXACT
Ocupació: 66.6667%
Var. passos: 13
#### INSERCIÓ ####
Mida: 1000
Salts: 1084
Errors: 0
Temps: 0.079
#### CERCA ####
Mida: 2000
Temps total: 1.606
Temps trobats: 0.091
Temps no trobats: 0.773
#### RESULTAT ####
Trobats: 196
No trobats: 1804
#### TAULA RESULTANT ####
[0] 7500 4500 9000
[1] 7501 9001
[2] 3002
[3]
[4]
[5] 1505 9005
[6] 7506
[7]
[8]
[9]
[10] 1510
[11] 11 1511
[12]
[13] 13 6013 4513 9013
[14] 7514
[15] 3015
[16]
[17] 7517 4517
[18]
[19]
[20] 20 1520
[21] 7521
[22] 4522 4522
[23]
[24] 6024 24
[25] 4525
[26] 9026 1526 9026
[27]
[28] 1528
[29]
[30]
[31]
[32]
[33] 6033
[34]
[35]
[36] 3036
[37] 1537
[38]
[39]
[40] 1540
[41]
[42]
[43] 1543
[44]
[45] 4545 7545
[46] 3046
[47] 3047
[48]
[49]
[50] 6050 9050
[51] 51
[52]
[53]
[54] 9054
[55] 3055
[56] 4556
[57]
[58]
[59] 3059
[60]
[61] 6061
[62] 7562
[63]
[64]
[65] 9065 1565 9065
[66] 7566
[67]
[68]
[69] 4569
[70]
[71]
[72]
[73]
[74]
[75]
[76]
[77] 3077
[78]
[79]
[80]
[81]
[82] 1582
[83]
[84]
[85] 3085
[86] 3086
[87] 7587
[88] 3088
[89] 4589
[90]
[91] 1591
[92]
[93] 4593
[94] 9094
[95] 4595
[96] 4596
[97]
[98]
[99]
[100] 3100
[101]
[102]
[103] 3103 103
[104]
[105]
[106] 4606
[107]
[108]
[109]
[110]
[111]
[112]
[113] 1613 6113 3113
[114]
[115]
[116] 116
[117]
[118]
[119] 4619
[120]
[121] 6121
[122]
[123] 4623 123
[124] 124
[125] 125
[126]
[127] 4627 6127
[128] 3128
[129] 4629 7629
[130]
[131] 3131
[132] 9132
[133]
[134] 3134 9134
[135] 4635
[136] 6136
[137] 7637
[138] 4638
[139] 4639 4639 3139
[140]
[141] 3141 4641
[142]
[143]
[144]
[145]
[146] 9146
[147]
[148]
[149] 7649 9149 9149 3149
[150]
[151] 9151
[152] 7652
[153]
[154] 7654
[155] 6155
[156] 3156 156
[157]
[158]
[159] 9159 1659
[160]
[161] 9161
[162] 4662
[163]
[164]
[165]
[166] 7666 4666 166
[167] 7667
[168]
[169] 1669 7669
[170]
[171] 4671
[172]
[173]
[174]
[175]
[176] 7676 6176
[177]
[178] 9178
[179]
[180]
[181]
[182]
[183]
[184] 4684
[185] 4685 6185
[186] 9186 186
[187] 6187
[188]
[189] 9189
[190] 1690 7690
[191] 1691
[192]
[193] 7693
[194] 1694
[195] 195
[196]
[197]
[198] 1698
[199] 3199
[200] 3200
[201] 1701 201
[202]
[203] 9203
[204]
[205]
[206] 7706 3206
[207]
[208]
[209]
[210] 9210 7710 1710
[211]
[212]
[213]
[214] 3214
[215] 1715
[216]
[217] 1717
[218]
[219]
[220] 6220
[221] 9221
[222] 222
[223]
[224]
[225] 7725 3225
[226]
[227]
[228] 1728
[229] 3229
[230]
[231] 9231 6231
[232] 4732
[233] 6233 1733
[234]
[235] 7735
[236] 236 6236
[237] 7737 7737 237
[238]
[239] 239 4739
[240] 3240 6240
[241]
[242] 3242 4742
[243] 6243 4743 6243
[244] 4744
[245] 4745 7745 4745
[246] 1746 246
[247]
[248] 7748
[249]
[250]
[251]
[252] 1752
[253] 9253
[254]
[255] 7755
[256]
[257] 6257
[258] 1758
[259] 3259
[260] 260
[261]
[262]
[263] 7763
[264]
[265] 265
[266] 3266
[267] 3267
[268]
[269] 1769 1769
[270] 270
[271] 9271
[272]
[273] 1773
[274]
[275]
[276] 276 9276
[277]
[278] 7778 6278 3278 3278
[279] 7779 3279
[280] 1780
[281] 9281
[282] 4782
[283] 9283
[284] 4784
[285] 4785
[286]
[287] 1787
[288] 7788 288
[289] 289
[290]
[291] 1791
[292] 3292
[293]
[294] 4794
[295]
[296] 9296
[297]
[298]
[299] 7799
[300] 7800
[301] 6301 1801 9301
[302] 6302
[303] 3303 303
[304]
[305]
[306] 9306 1806
[307]
[308]
[309]
[310]
[311]
[312] 7812
[313]
[314] 1814
[315]
[316]
[317]
[318]
[319] 1819
[320]
[321]
[322] 1822 6322 9322
[323]
[324]
[325]
[326] 4826
[327] 9327 7827
[328] 1828 3328
[329]
[330] 1830
[331]
[332] 4832 9332
[333] 3333 7833
[334]
[335] 1835
[336]
[337] 9337
[338]
[339] 6339
[340]
[341] 3341
[342] 4842
[343] 3343
[344] 4844 3344
[345]
[346] 1846 1846
[347]
[348]
[349]
[350]
[351]
[352]
[353]
[354] 7854
[355]
[356]
[357]
[358] 9358
[359]
[360]
[361] 3361
[362]
[363] 7863
[364]
[365] 6365
[366]
[367]
[368] 4868 1868
[369] 7869
[370]
[371] 1871
[372]
[373]
[374]
[375] 4875 375
[376]
[377] 3377
[378] 6378
[379] 379
[380]
[381] 4881
[382] 6382
[383] 9383 3383 6383
[384]
[385]
[386]
[387] 7887
[388]
[389] 4889
[390] 6390
[391]
[392]
[393] 7893 1893 9393
[394] 6394 3394
[395] 9395
[396]
[397]
[398]
[399] 1899 1899
[400]
[401] 9401 6401
[402] 6402
[403]
[404]
[405] 3405 3405
[406] 3406 9406
[407] 407 1907
[408]
[409]
[410] 4910
[411] 4911
[412] 9412
[413] 6413
[414] 4914
[415]
[416]
[417]
[418]
[419]
[420] 7920
[421] 421
[422] 3422 6422
[423] 423 7923 1923
[424]
[425]
[426]
[427] 4927
[428] 4928 9428
[429]
[430] 9430 7930
[431]
[432]
[433]
[434] 1934
[435]
[436]
[437]
[438]
[439] 3439
[440]
[441]
[442]
[443]
[444]
[445]
[446] 7946
[447] 7947 1947 6447
[448] 4948
[449]
[450]
[451]
[452] 3452
[453] 3453 453
[454] 454
[455] 7955
[456]
[457] 3457 3457 6457
[458]
[459]
[460]
[461] 1961
[462] 1962 7962
[463] 1963 3463 4963
[464]
[465]
[466] 466
[467] 467
[468] 3468
[469] 7969
[470]
[471] 471
[472] 7972
[473]
[474]
[475] 475
[476]
[477] 6477
[478] 7978
[479]
[480] 9480 6480
[481] 7981
[482]
[483]
[484] 1984
[485] 3485
[486]
[487] 9487
[488] 4988
[489] 7989
[490]
[491] 1991
[492]
[493]
[494]
[495] 495 495
[496]
[497]
[498] 9498 6498
[499] 499
[500]
[501]
[502] 2002 502
[503] 8003
[504]
[505]
[506]
[507] 5007
[508] 5008
[509]
[510] 5010
[511] 8011
[512]
[513]
[514] 3514
[515]
[516]
[517] 517
[518]
[519] 3519
[520] 5020 2020
[521] 2021 3521
[522]
[523] 2023
[524] 524
[525]
[526] 5026
[527]
[528]
[529]
[530]
[531] 2031 531
[532]
[533] 5033
[534]
[535] 5035
[536] 5036 3536
[537]
[538] 9538
[539]
[540] 8040 5040 2040
[541]
[542] 2042
[543] 543
[544] 6544
[545]
[546]
[547] 9547
[548] 548 8048
[549] 549
[550]
[551]
[552] 8052
[553]
[554] 3554
[555]
[556]
[557] 9557
[558]
[559] 8059
[560]
[561]
[562] 5062
[563]
[564] 5064
[565] 2065
[566] 2066
[567] 8067
[568] 5068 2068
[569]
[570]
[571] 2071 2071
[572] 8072
[573]
[574]
[575] 6575
[576] 5076
[577]
[578]
[579]
[580] 5080
[581] 5081
[582]
[583]
[584]
[585] 5085
[586]
[587] 3587
[588] 3588 9588 5088
[589]
[590] 6590 5090
[591]
[592]
[593] 8093
[594] 2094
[595]
[596]
[597] 6597 9597
[598] 8098 598
[599]
[600] 8100
[601]
[602]
[603] 3603 5103 9603
[604] 8104
[605]
[606]
[607] 8107
[608]
[609]
[610]
[611] 6611 3611 9611 8111
[612] 612
[613]
[614]
[615] 6615
[616]
[617] 5117
[618] 6618
[619]
[620] 620
[621]
[622] 8122
[623]
[624]
[625]
[626] 626
[627]
[628] 6628
[629] 3629
[630]
[631]
[632] 3632
[633] 9633
[634]
[635] 635
[636]
[637] 9637
[638]
[639]
[640] 2140
[641]
[642] 2142
[643]
[644] 5144 8144
[645]
[646]
[647]
[648] 5148
[649] 8149 6649
[650]
[651]
[652]
[653]
[654]
[655] 2155
[656]
[657]
[658]
[659] 8159
[660] 8160
[661] 8161
[662]
[663] 2163
[664]
[665]
[666] 666
[667] 5167
[668]
[669] 6669
[670]
[671]
[672]
[673]
[674]
[675]
[676]
[677]
[678]
[679] 9679
[680]
[681] 9681 8181 8181 3681 6681
[682]
[683]
[684] 2184
[685] 5185 3685
[686] 6686
[687]
[688] 9688
[689]
[690]
[691] 3691 9691 8191
[692] 692
[693] 5193
[694] 5194
[695] 695
[696] 8196
[697]
[698]
[699]
[700] 2200
[701] 5201 9701 6701
[702]
[703] 6703
[704] 6704
[705]
[706] 9706
[707] 5207
[708] 9708
[709] 8209
[710] 2210
[711]
[712]
[713] 713
[714]
[715]
[716]
[717] 5217
[718] 3718 3718
[719] 719 6719
[720] 3720 720
[721] 9721 9721
[722]
[723] 6723 6723
[724] 2224
[725] 725
[726]
[727] 5227
[728] 2228
[729]
[730]
[731]
[732] 6732
[733] 3733 9733
[734] 2234
[735] 5235
[736] 9736 9736
[737] 5237 6737
[738] 8238
[739] 8239
[740]
[741]
[742] 6742
[743] 6743
[744] 3744
[745] 2245
[746]
[747] 3747
[748]
[749] 5249 5249
[750] 2250
[751]
[752] 2252
[753] 5253
[754] 9754
[755] 9755
[756]
[757]
[758]
[759] 759
[760] 6760
[761]
[762] 5262
[763] 8263
[764] 8264 6764 8264
[765] 8265 6765
[766] 5266
[767] 8267
[768] 9768 8268
[769]
[770]
[771] 3771
[772] 5272
[773]
[774]
[775] 9775 2275
[776] 6776 3776
[777] 5277
[778] 2278
[779] 6779 9779
[780]
[781] 3781
[782] 782
[783]
[784] 5284
[785]
[786]
[787]
[788]
[789] 789
[790] 790 2290
[791]
[792]
[793]
[794]
[795] 8295
[796]
[797]
[798]
[799]
[800]
[801] 801
[802]
[803]
[804]
[805] 2305
[806] 2306
[807]
[808]
[809] 6809 3809
[810]
[811] 8311 8311
[812]
[813] 5313 5313
[814] 5314
[815] 815
[816] 9816
[817] 8317
[818]
[819]
[820]
[821]
[822] 6822 3822
[823]
[824]
[825] 9825 5325 6825 3825
[826] 3826 826
[827]
[828]
[829]
[830] 3830
[831] 2331
[832]
[833]
[834]
[835] 9835 9835
[836] 5336
[837] 3837 3837
[838] 5338
[839] 8339
[840] 8340
[841]
[842] 2342
[843]
[844] 6844
[845] 5345
[846] 846
[847] 3847
[848]
[849]
[850]
[851] 3851
[852] 2352
[853]
[854] 854
[855] 3855 2355
[856]
[857] 3857
[858]
[859] 6859
[860]
[861] 861 861
[862]
[863] 9863
[864] 864
[865] 3865
[866]
[867]
[868]
[869]
[870] 2370
[871] 9871
[872]
[873] 3873
[874] 8374
[875]
[876] 9876
[877] 8377
[878] 6878
[879]
[880]
[881]
[882]
[883] 8383
[884]
[885] 5385 6885
[886]
[887] 6887
[888]
[889]
[890] 8390
[891]
[892] 6892
[893] 2393
[894]
[895]
[896]
[897] 5397
[898]
[899] 5399
[900] 900 3900
[901]
[902]
[903] 9903
[904] 6904
[905]
[906]
[907] 907
[908] 2408
[909] 6909
[910]
[911] 5411
[912] 6912
[913]
[914] 9914
[915] 9915
[916]
[917]
[918] 8418
[919] 2419
[920] 6920 6920
[921] 9921 921
[922]
[923]
[924]
[925] 2425
[926] 3926
[927]
[928] 6928 9928
[929]
[930] 3930
[931] 9931 5431
[932] 2432
[933]
[934]
[935] 9935
[936]
[937]
[938] 6938 6938 3938
[939]
[940]
[941]
[942]
[943] 2443
[944] 2444
[945]
[946] 946 946
[947]
[948] 2448
[949]
[950] 950
[951]
[952] 8452
[953] 8453
[954]
[955] 2455 955
[956] 8456
[957]
[958] 958
[959]
[960]
[961] 8461 3961
[962] 5462
[963] 2463 3963
[964]
[965] 3965
[966] 8466
[967] 8467
[968] 8468
[969] 2469
[970] 3970 9970
[971] 5471
[972]
[973]
[974] 2474
[975]
[976] 976
[977] 6977 977 9977
[978]
[979] 8479
[980] 980
[981] 2481
[982]
[983]
[984]
[985]
[986] 5486
[987]
[988] 9988 5488
[989] 3989
[990] 6990
[991]
[992] 9992 8492
[993] 5493
[994] 2494
[995] 8495
[996] 3996
[997]
[998] 5498 2498
[999] 999
[1000]
[1001] 7001 5501
[1002]
[1003] 5503 1003
[1004]
[1005] 4005
[1006] 4006 1006
[1007] 1007 1007
[1008] 5508
[1009] 5509
[1010] 5510 4010
[1011]
[1012] 2512
[1013]
[1014]
[1015] 4015 4015
[1016]
[1017]
[1018]
[1019] 7019
[1020]
[1021]
[1022] 8522
[1023] 1023
[1024]
[1025]
[1026]
[1027]
[1028] 7028
[1029]
[1030]
[1031] 5531
[1032]
[1033] 4033
[1034]
[1035] 4035
[1036]
[1037] 8537
[1038] 5538
[1039] 2539
[1040]
[1041]
[1042] 2542
[1043] 2543
[1044]
[1045]
[1046]
[1047] 5547
[1048]
[1049]
[1050]
[1051] 2551 5551
[1052] 5552
[1053]
[1054]
[1055]
[1056] 8556 5556
[1057] 4057
[1058] 1058
[1059]
[1060]
[1061] 7061
[1062]
[1063] 5563
[1064]
[1065]
[1066]
[1067]
[1068]
[1069]
[1070] 2570
[1071]
[1072] 8572
[1073] 5573
[1074]
[1075] 4075
[1076] 2576
[1077] 7077
[1078]
[1079]
[1080] 1080
[1081] 2581
[1082]
[1083] 2583 7083
[1084]
[1085]
[1086]
[1087]
[1088]
[1089]
[1090]
[1091] 7091 1091
[1092]
[1093] 7093
[1094]
[1095]
[1096] 2596 5596
[1097] 7097
[1098] 1098
[1099]
[1100]
[1101]
[1102]
[1103] 5603
[1104] 2604
[1105]
[1106]
[1107]
[1108]
[1109]
[1110] 8610 5610
[1111]
[1112]
[1113]
[1114] 2614
[1115]
[1116] 8616
[1117] 5617 5617
[1118] 1118
[1119] 8619
[1120] 2620
[1121]
[1122]
[1123]
[1124] 5624
[1125]
[1126]
[1127] 4127
[1128] 5628
[1129]
[1130]
[1131]
[1132] 1132 8632
[1133]
[1134] 1134
[1135]
[1136]
[1137]
[1138] 1138
[1139]
[1140] 8640 8640
[1141]
[1142]
[1143]
[1144] 2644
[1145] 7145
[1146] 7146
[1147]
[1148]
[1149]
[1150]
[1151] 7151
[1152]
[1153]
[1154]
[1155] 8655
[1156] 1156
[1157] 2657 8657
[1158] 7158
[1159]
[1160] 2660
[1161]
[1162]
[1163]
[1164]
[1165]
[1166]
[1167] 7167
[1168] 1168
[1169]
[1170] 8670 5670
[1171]
[1172] 4172
[1173] 1173
[1174] 5674
[1175] 4175
[1176]
[1177]
[1178] 5678
[1179]
[1180] 1180 4180
[1181] 4181
[1182]
[1183]
[1184]
[1185]
[1186] 4186
[1187] 2687 2687
[1188]
[1189]
[1190] 1190 8690
[1191]
[1192]
[1193] 7193
[1194]
[1195]
[1196]
[1197] 4197
[1198] 8698 8698
[1199] 5699
[1200] 7200
[1201]
[1202] 7202 7202
[1203]
[1204] 5704
[1205]
[1206]
[1207]
[1208]
[1209] 7209 5709 7209
[1210]
[1211]
[1212] 5712 4212
[1213]
[1214] 8714 1214
[1215]
[1216]
[1217] 8717 2717
[1218]
[1219]
[1220]
[1221] 4221
[1222] 7222
[1223] 7223
[1224] 5724
[1225] 2725 8725
[1226]
[1227]
[1228]
[1229]
[1230] 1230
[1231] 2731
[1232]
[1233]
[1234]
[1235] 4235 7235
[1236]
[1237]
[1238] 8738
[1239] 7239
[1240] 1240 5740 4240
[1241]
[1242]
[1243] 8743 4243
[1244] 1244
[1245] 8745
[1246]
[1247] 8747
[1248] 2748 5748
[1249]
[1250]
[1251] 2751
[1252] 2752
[1253]
[1254]
[1255] 2755
[1256]
[1257]
[1258]
[1259]
[1260] 2760
[1261]
[1262]
[1263]
[1264] 5764
[1265]
[1266] 8766 8766
[1267] 5767
[1268]
[1269]
[1270]
[1271]
[1272]
[1273]
[1274] 7274
[1275]
[1276]
[1277] 7277
[1278] 7278
[1279] 1279
[1280]
[1281]
[1282]
[1283]
[1284]
[1285]
[1286] 8786
[1287] 8787
[1288]
[1289]
[1290]
[1291] 5791 8791 5791
[1292] 5792
[1293]
[1294] 2794
[1295]
[1296] 4296
[1297]
[1298] 4298
[1299] 4299
[1300]
[1301] 4301
[1302] 1302 8802
[1303]
[1304]
[1305]
[1306] 5806
[1307]
[1308] 7308
[1309] 7309
[1310] 8810
[1311]
[1312] 1312 8812
[1313] 7313
[1314]
[1315]
[1316] 1316 8816
[1317]
[1318]
[1319]
[1320]
[1321]
[1322]
[1323]
[1324] 4324
[1325] 7325
[1326] 5826
[1327] 8827 7327
[1328] 7328
[1329]
[1330] 5830 2830
[1331]
[1332]
[1333] 1333
[1334]
[1335]
[1336] 1336
[1337]
[1338]
[1339] 4339
[1340] 1340
[1341] 2841
[1342]
[1343] 2843 7343 7343
[1344] 8844 1344 4344 1344
[1345]
[1346]
[1347] 4347
[1348]
[1349] 4349
[1350] 8850 4350 4350
[1351]
[1352]
[1353]
[1354]
[1355]
[1356] 4356
[1357]
[1358] 4358
[1359] 2859 7359 1359
[1360] 7360
[1361] 8861 5861
[1362]
[1363]
[1364]
[1365] 4365 7365
[1366] 7366 7366
[1367] 4367
[1368] 4368
[1369]
[1370] 8870 4370
[1371]
[1372]
[1373]
[1374] 4374 8874
[1375] 8875
[1376]
[1377] 1377
[1378] 4378
[1379]
[1380]
[1381] 5881
[1382]
[1383]
[1384] 2884
[1385] 1385
[1386] 7386
[1387]
[1388]
[1389] 4389
[1390]
[1391] 2891
[1392] 5892
[1393] 2893 2893
[1394] 8894
[1395] 5895 8895
[1396] 7396 4396
[1397] 1397
[1398] 5898
[1399] 7399
[1400] 5900
[1401]
[1402] 4402
[1403]
[1404]
[1405] 8905
[1406] 2906
[1407]
[1408]
[1409]
[1410] 7410 7410
[1411]
[1412] 7412
[1413]
[1414]
[1415] 2915
[1416] 4416
[1417] 2917 7417 8917
[1418]
[1419]
[1420]
[1421] 5921
[1422] 2922
[1423] 2923
[1424] 5924 5924
[1425] 2925
[1426]
[1427]
[1428]
[1429] 5929
[1430] 5930
[1431]
[1432]
[1433]
[1434]
[1435] 5935
[1436]
[1437]
[1438] 5938 5938
[1439] 8939
[1440]
[1441]
[1442]
[1443]
[1444]
[1445]
[1446] 2946
[1447] 2947
[1448] 7448
[1449] 4449
[1450] 1450 2950
[1451]
[1452]
[1453] 7453
[1454] 7454
[1455] 2955
[1456]
[1457]
[1458]
[1459]
[1460]
[1461]
[1462]
[1463] 2963 7463
[1464] 1464
[1465]
[1466]
[1467] 5967 4467 1467
[1468] 8968
[1469]
[1470] 1470
[1471]
[1472]
[1473]
[1474]
[1475]
[1476]
[1477] 7477
[1478]
[1479] 7479
[1480]
[1481]
[1482]
[1483]
[1484] 5984
[1485] 2985 4485
[1486]
[1487] 1487 4487
[1488] 4488 4488 5988 1488
[1489]
[1490] 1490
[1491] 5991
[1492] 2992
[1493] 8993
[1494]
[1495] 4495
[1496]
[1497] 5997
[1498] 1498
[1499] 2999
