Selecciona l'entrada [1], [2], [3], [4] o [5].
Selecciona la cerca [B]inary, [H]ash o [BL]oom.
Selecciona la tècnica [O]pen o [C]hain.
Selecciona la funció [M]ove to front o [E]xact fit.
#### INFORMACIÓ ####
Cerca: HASH
Tècnica: CHAIN
Funció: MOVE
Ocupació: 66.6667%
Var. passos: 13
#### INSERCIÓ ####
Mida: 5000
Salts: 5984
Errors: 0
Temps: 0.251
#### CERCA ####
Mida: 10000
Temps total: 6.886
Temps trobats: 0.178
Temps no trobats: 3.387
#### RESULTAT ####
Trobats: 508
No trobats: 9492
#### TAULA RESULTANT ####
[0]
[1] 22501
[2]
[3]
[4] 75004
[5]
[6] 22506 37506
[7]
[8]
[9]
[10] 60010
[11] 22511 22511 11
[12]
[13] 30013 13
[14] 52514 90014
[15]
[16] 22516
[17] 17
[18]
[19]
[20]
[21] 21
[22]
[23] 15023
[24]
[25] 82525
[26]
[27]
[28] 28
[29] 29
[30]
[31]
[32] 45032
[33] 33
[34] 37534
[35]
[36] 90036
[37]
[38] 52538
[39]
[40] 45040
[41]
[42] 30042
[43] 52543 60043 82543
[44] 97544 44
[45] 82545
[46] 67546
[47] 82547
[48]
[49]
[50]
[51] 67551 52551
[52] 22552
[53]
[54] 7554
[55] 7555
[56]
[57]
[58] 45058
[59] 30059 75059
[60] 75060 37560
[61]
[62]
[63] 15063 67563 37563
[64] 37564
[65]
[66]
[67] 67567
[68] 82568
[69] 97569 97569
[70] 82570
[71]
[72] 72
[73] 15073
[74]
[75]
[76] 7576
[77] 30077 7577
[78] 7578
[79]
[80]
[81]
[82]
[83] 60083
[84]
[85]
[86] 75086
[87] 87
[88] 88
[89] 30089
[90] 7590 37590 82590
[91] 82591
[92] 45092 37592
[93] 52593
[94] 30094
[95] 82595
[96] 60096
[97]
[98]
[99]
[100] 100 97600
[101] 7601
[102] 67602
[103]
[104] 104
[105]
[106]
[107]
[108] 7608
[109] 97609 90109
[110] 75110
[111]
[112]
[113] 45113 7613
[114] 67614 37614
[115] 30115
[116] 37616
[117]
[118] 15118 75118
[119]
[120] 67620 60120
[121]
[122] 97622
[123]
[124] 7624
[125] 82625
[126] 67626
[127]
[128]
[129] 60129
[130]
[131]
[132]
[133] 97633 30133
[134]
[135] 45135 7635
[136] 15136
[137]
[138] 138
[139] 67639
[140]
[141]
[142] 142
[143]
[144]
[145] 145
[146]
[147] 15147 90147 52647 52647
[148] 7648
[149]
[150] 75150
[151] 15151 90151
[152] 60152
[153]
[154]
[155] 7655
[156]
[157] 82657 45157 37657
[158] 15158
[159]
[160]
[161]
[162] 82662
[163]
[164]
[165] 75165
[166] 166
[167]
[168] 37668 67668
[169]
[170]
[171] 22671
[172] 45172
[173]
[174]
[175] 60175
[176] 97676 90176
[177]
[178] 90178
[179]
[180] 52680 82680
[181] 97681
[182]
[183]
[184]
[185] 7685
[186] 75186
[187] 187
[188]
[189] 82689 75189 37689
[190] 90190
[191]
[192]
[193]
[194]
[195] 37695
[196]
[197] 7697
[198]
[199]
[200] 37700
[201]
[202]
[203]
[204]
[205] 7705
[206]
[207] 15207
[208]
[209]
[210] 7710 75210
[211] 30211
[212] 97712
[213] 60213 82713
[214] 15214 45214
[215] 37715
[216] 75216 60216 22716
[217] 37717
[218]
[219]
[220]
[221] 22721
[222] 7722
[223]
[224]
[225] 15225
[226]
[227]
[228] 82728
[229]
[230]
[231] 97731
[232]
[233] 37733
[234]
[235] 22735
[236]
[237]
[238]
[239] 45239
[240]
[241] 75241 60241
[242] 60242 82742 82742 37742
[243]
[244]
[245]
[246] 67746
[247] 45247 97747 7747 75247
[248]
[249] 30249
[250] 60250
[251]
[252] 252
[253] 253
[254] 52754
[255] 7755
[256] 60256
[257]
[258]
[259]
[260]
[261]
[262] 30262 7762
[263] 52763
[264] 30264
[265] 67765 97765
[266]
[267]
[268]
[269] 97769
[270] 15270
[271]
[272] 7772
[273] 60273 273 97773
[274]
[275]
[276]
[277] 22777 37777
[278] 7778
[279] 90279
[280]
[281]
[282] 37782
[283]
[284] 60284
[285] 97785 82785
[286] 97786
[287] 45287
[288] 45288 82788
[289]
[290]
[291] 82791
[292] 292 82792
[293] 30293 22793
[294]
[295] 75295
[296] 37796
[297]
[298]
[299]
[300] 90300
[301] 52801 30301
[302]
[303]
[304] 75304 52804 304
[305] 97805
[306]
[307]
[308]
[309]
[310] 52810
[311] 311 82811 45311
[312]
[313] 75313 75313
[314] 75314
[315] 15315 30315
[316]
[317]
[318]
[319]
[320]
[321] 30321
[322]
[323] 60323 37823
[324]
[325]
[326]
[327]
[328] 82828
[329] 90329
[330] 330
[331]
[332] 7832 75332
[333]
[334] 75334 22834
[335]
[336]
[337]
[338] 90338
[339]
[340]
[341]
[342]
[343]
[344]
[345]
[346] 37846
[347] 75347
[348]
[349]
[350] 37850
[351]
[352]
[353] 52853
[354]
[355] 355 82855
[356]
[357]
[358]
[359] 37859 7859
[360]
[361]
[362]
[363] 363
[364] 45364
[365] 30365
[366] 45366
[367] 82867
[368]
[369]
[370]
[371]
[372]
[373]
[374]
[375]
[376]
[377] 45377 7877 7877
[378] 97878
[379]
[380]
[381] 7881
[382] 37882
[383] 7883
[384]
[385] 15385
[386] 82886
[387]
[388] 388
[389]
[390] 82890 52890
[391]
[392]
[393] 45393 393 97893
[394] 394
[395]
[396] 97896 22896 52896
[397] 90397
[398] 90398
[399] 75399
[400]
[401]
[402]
[403] 403
[404]
[405]
[406]
[407]
[408]
[409]
[410]
[411] 67911
[412]
[413]
[414] 30414
[415] 52915 52915
[416] 7916
[417]
[418]
[419] 419
[420] 22920
[421]
[422] 15422
[423] 30423
[424]
[425]
[426] 22926
[427]
[428]
[429]
[430] 90430
[431] 45431
[432]
[433]
[434]
[435]
[436]
[437] 37937
[438] 97938 438
[439]
[440]
[441]
[442]
[443]
[444] 37944
[445] 45445 15445
[446]
[447] 22947
[448]
[449]
[450] 7950
[451]
[452] 90452
[453]
[454] 52954 45454 454
[455] 67955
[456] 97956
[457]
[458] 67958
[459] 15459
[460] 7960
[461] 97961 97961
[462]
[463]
[464]
[465]
[466] 15466 22966
[467] 97967
[468] 97968 7968
[469]
[470] 37970 37970
[471]
[472]
[473] 67973
[474]
[475]
[476] 97976
[477] 477 82977
[478] 37978
[479] 52979
[480]
[481] 45481
[482] 15482
[483] 22983 7983 45483
[484]
[485]
[486] 486
[487] 37987 15487
[488]
[489] 15489
[490] 90490
[491]
[492] 15492
[493] 15493
[494] 30494
[495]
[496] 30496
[497] 37997
[498]
[499]
[500] 98000
[501]
[502]
[503] 75503 68003
[504]
[505] 98005
[506] 68006 98006
[507] 30507
[508]
[509]
[510]
[511]
[512] 68012 98012
[513] 75513 75513
[514]
[515] 75515
[516]
[517]
[518]
[519]
[520]
[521]
[522]
[523] 8023
[524]
[525]
[526]
[527] 23027 98027
[528]
[529]
[530] 15530 90530
[531]
[532] 23032
[533] 68033
[534]
[535]
[536]
[537] 68037
[538]
[539]
[540]
[541] 75541
[542] 38042
[543]
[544] 60544
[545] 53045
[546] 8046
[547]
[548] 60548
[549]
[550]
[551]
[552] 98052
[553] 83053 83053 83053 553
[554] 554 554
[555] 68055
[556] 45556
[557] 30557
[558]
[559] 38059
[560]
[561] 53061 45561 83061
[562]
[563] 8063
[564] 23064
[565]
[566] 566
[567] 60567
[568] 75568
[569] 30569 45569
[570]
[571]
[572]
[573] 573 68073
[574] 68074
[575]
[576]
[577] 53077
[578]
[579] 98079
[580] 580
[581]
[582] 75582
[583] 30583
[584] 23084
[585]
[586]
[587] 587 23087
[588] 38088
[589] 90589
[590]
[591]
[592] 15592 83092
[593]
[594]
[595]
[596]
[597]
[598] 98098
[599] 75599
[600]
[601] 30601
[602] 83102
[603]
[604] 83104 30604
[605]
[606] 38106 45606
[607] 30607
[608]
[609]
[610] 610
[611]
[612]
[613]
[614]
[615]
[616]
[617] 8117
[618] 75618
[619] 98119
[620]
[621]
[622] 98122
[623]
[624]
[625]
[626] 23126 83126
[627]
[628]
[629] 75629 30629
[630]
[631] 8131 53131
[632]
[633] 23133
[634]
[635] 83135
[636]
[637] 15637
[638] 38138
[639] 639
[640] 90640 38140
[641]
[642] 38142
[643] 643
[644]
[645] 68145 53145
[646]
[647] 75647
[648]
[649] 68149
[650]
[651] 98151
[652]
[653]
[654] 45654
[655]
[656] 98156
[657] 45657
[658]
[659]
[660] 68160 660
[661] 8161 53161 661
[662]
[663] 23163
[664]
[665] 53165 45665 60665 30665
[666]
[667]
[668]
[669] 15669 90669
[670]
[671]
[672]
[673]
[674] 53174
[675]
[676]
[677] 60677 68177
[678] 30678 15678
[679] 38179 83179
[680] 680
[681] 75681
[682]
[683] 83183
[684] 30684
[685] 30685
[686] 60686
[687] 53187
[688] 30688
[689] 30689
[690]
[691] 23191
[692]
[693] 45693
[694]
[695] 60695
[696]
[697]
[698] 15698 90698
[699] 30699
[700]
[701]
[702] 68202
[703]
[704] 90704
[705] 90705 38205
[706] 60706
[707] 98207
[708]
[709] 60709 53209
[710] 710 30710 68210
[711]
[712]
[713] 98213 713
[714]
[715] 45715
[716] 98216
[717] 30717 8217
[718] 38218 15718
[719]
[720] 98220 90720 30720
[721] 75721 75721
[722]
[723]
[724] 75724
[725]
[726] 83226
[727] 8227
[728] 53228
[729]
[730] 90730
[731]
[732]
[733] 38233
[734]
[735] 60735
[736] 68236 75736
[737]
[738]
[739] 75739
[740]
[741] 45741
[742] 60742
[743]
[744] 68244 53244
[745] 15745
[746]
[747] 75747 30747
[748] 98248
[749] 8249
[750] 98250
[751]
[752]
[753] 98253
[754] 53254
[755] 75755 755 75755
[756]
[757]
[758]
[759] 75759
[760] 53260 15760 53260
[761] 8261 53261 90761
[762]
[763]
[764] 68264
[765] 53265
[766]
[767] 15767
[768]
[769] 83269 75769 769
[770]
[771] 45771
[772]
[773] 53273
[774] 15774
[775] 38275
[776]
[777]
[778] 45778
[779] 68279
[780] 75780 60780
[781] 75781 60781
[782] 83282 53282 15782 53282
[783] 75783
[784] 90784
[785]
[786] 83286
[787] 75787
[788] 30788
[789] 98289
[790]
[791]
[792]
[793]
[794]
[795] 8295
[796] 30796
[797] 83297
[798]
[799] 38299
[800]
[801]
[802] 68302
[803]
[804] 45804
[805] 8305 45805
[806]
[807]
[808]
[809] 90809 60809 23309
[810]
[811]
[812]
[813]
[814]
[815]
[816] 83316 60816
[817] 817
[818] 15818
[819]
[820] 820 90820
[821] 60821
[822]
[823] 53323
[824] 30824 15824
[825]
[826] 98326
[827]
[828]
[829]
[830]
[831] 90831
[832] 90832
[833]
[834]
[835]
[836]
[837] 90837 8337 53337
[838]
[839] 75839 30839
[840] 83340
[841]
[842] 98342 30842
[843]
[844] 15844
[845] 98345
[846]
[847] 847 30847
[848]
[849]
[850] 8350
[851] 38351 45851
[852]
[853]
[854] 15854
[855] 98355
[856] 53356
[857]
[858]
[859]
[860]
[861]
[862]
[863]
[864]
[865] 98365 23365
[866]
[867]
[868] 23368
[869]
[870] 870
[871] 98371 15871
[872]
[873]
[874]
[875]
[876] 60876
[877]
[878] 38378 30878
[879]
[880]
[881]
[882] 8382
[883]
[884] 45884
[885] 23385
[886] 83386
[887] 30887
[888]
[889]
[890]
[891]
[892] 8392 38392
[893]
[894] 53394 45894
[895]
[896] 75896 38396
[897]
[898] 15898
[899] 38399
[900] 38400 30900
[901]
[902]
[903] 83403
[904]
[905] 83405 8405
[906] 75906
[907] 53407 83407
[908] 60908
[909] 75909
[910]
[911] 38411
[912]
[913]
[914] 75914 60914
[915]
[916] 83416 38416
[917]
[918]
[919] 83419
[920] 75920
[921] 15921
[922]
[923]
[924]
[925] 15925
[926] 45926
[927]
[928] 90928 15928
[929]
[930]
[931] 53431
[932] 45932
[933] 60933 30933
[934] 98434 15934
[935] 60935
[936] 23436
[937]
[938] 68438
[939]
[940]
[941] 38441
[942]
[943]
[944] 60944 98444
[945]
[946] 946
[947] 75947
[948] 30948
[949] 60949
[950] 23450
[951] 8451 30951
[952] 98452
[953]
[954] 8454 53454
[955] 30955 30955
[956] 45956
[957]
[958] 98458 8458
[959] 60959
[960] 68460
[961]
[962]
[963]
[964]
[965]
[966]
[967]
[968] 53468 30968
[969]
[970] 45970
[971] 45971 45971 38471
[972] 53472
[973] 98473
[974]
[975] 60975 23475
[976] 53476 60976
[977] 15977
[978] 15978
[979] 979
[980] 98480
[981]
[982] 15982
[983] 83483 68483
[984] 75984
[985] 45985 45985 90985
[986] 15986
[987] 987 45987 68487
[988] 68488
[989]
[990] 83490
[991]
[992] 15992
[993]
[994]
[995] 68495
[996]
[997] 53497
[998] 60998
[999]
[1000] 23500
[1001] 8501
[1002]
[1003] 38503 53503
[1004]
[1005]
[1006]
[1007]
[1008] 1008 76008 16008 98508
[1009] 98509
[1010] 23510 16010
[1011]
[1012] 8512
[1013]
[1014]
[1015] 31015
[1016] 61016
[1017]
[1018]
[1019] 91019 76019
[1020]
[1021] 76021
[1022] 8522 83522
[1023]
[1024] 8524
[1025] 46025
[1026]
[1027] 38527
[1028] 76028
[1029] 98529
[1030] 46030
[1031] 16031
[1032]
[1033] 1033
[1034] 83534
[1035]
[1036]
[1037] 31037 83537
[1038] 8538
[1039]
[1040]
[1041]
[1042] 31042
[1043]
[1044]
[1045]
[1046]
[1047] 1047
[1048] 61048 16048 16048
[1049]
[1050] 16050
[1051] 83551
[1052] 76052
[1053] 91053 38553
[1054] 83554 83554 1054
[1055] 91055
[1056]
[1057]
[1058] 8558
[1059]
[1060]
[1061] 31061
[1062]
[1063]
[1064] 31064
[1065] 46065
[1066]
[1067] 23567
[1068] 1068
[1069]
[1070]
[1071]
[1072] 61072
[1073]
[1074] 23574
[1075]
[1076] 8576
[1077]
[1078] 76078
[1079]
[1080]
[1081] 68581 83581 23581 53581
[1082]
[1083] 83583
[1084]
[1085] 38585
[1086]
[1087]
[1088] 61088
[1089]
[1090]
[1091] 8591
[1092]
[1093]
[1094]
[1095] 23595
[1096] 38596
[1097]
[1098]
[1099]
[1100] 46100
[1101]
[1102] 31102 46102
[1103] 8603
[1104] 53604 23604
[1105] 23605
[1106] 1106 91106
[1107]
[1108]
[1109] 1109
[1110] 46110
[1111] 8611
[1112] 98612 83612
[1113]
[1114] 91114
[1115] 38615
[1116] 91116
[1117] 98617
[1118] 53618 91118
[1119] 61119 23619
[1120] 53620 53620 23620
[1121]
[1122] 68622 83622
[1123] 8623
[1124] 91124
[1125]
[1126]
[1127]
[1128] 91128 76128
[1129]
[1130] 1130
[1131] 68631
[1132]
[1133]
[1134]
[1135] 53635
[1136]
[1137] 23637 16137
[1138]
[1139]
[1140] 91140
[1141]
[1142] 76142
[1143]
[1144]
[1145]
[1146]
[1147] 76147
[1148]
[1149]
[1150] 83650 91150 61150
[1151]
[1152] 8652
[1153]
[1154] 91154
[1155]
[1156] 23656 1156
[1157] 23657
[1158] 98658
[1159] 31159
[1160]
[1161] 76161
[1162] 53662
[1163] 8663
[1164]
[1165] 46165 98665 46165
[1166]
[1167]
[1168] 76168
[1169]
[1170]
[1171] 83671
[1172] 8672
[1173]
[1174] 98674
[1175] 98675 83675
[1176]
[1177] 31177
[1178]
[1179] 68679
[1180] 91180 68680
[1181]
[1182]
[1183] 46183 38683
[1184] 98684 46184
[1185]
[1186]
[1187] 83687 23687
[1188]
[1189]
[1190]
[1191] 68691 98691 23691
[1192] 46192
[1193] 61193
[1194]
[1195]
[1196]
[1197]
[1198]
[1199] 68699
[1200]
[1201]
[1202]
[1203]
[1204] 1204 83704
[1205] 38705
[1206]
[1207]
[1208] 91208
[1209] 98709
[1210] 31210
[1211]
[1212] 31212 83712
[1213]
[1214]
[1215]
[1216]
[1217] 46217 16217
[1218] 61218
[1219] 1219
[1220] 76220
[1221]
[1222] 38722
[1223] 31223
[1224] 91224 38724
[1225]
[1226]
[1227] 83727
[1228]
[1229]
[1230]
[1231] 8731
[1232] 76232 38732
[1233] 1233
[1234]
[1235]
[1236] 61236
[1237]
[1238]
[1239]
[1240]
[1241] 8741
[1242] 61242
[1243] 16243
[1244] 1244
[1245]
[1246] 83746 38746
[1247]
[1248] 61248
[1249] 23749
[1250] 61250 91250 83750
[1251] 61251 8751
[1252]
[1253] 76253
[1254] 8754
[1255]
[1256] 91256 38756
[1257]
[1258]
[1259] 38759 46259 16259 8759
[1260]
[1261]
[1262] 61262
[1263]
[1264]
[1265]
[1266] 38766
[1267] 1267
[1268]
[1269] 83769
[1270] 23770 23770
[1271] 31271
[1272]
[1273] 38773 53773
[1274] 61274
[1275] 68775 46275
[1276]
[1277] 91277 98777
[1278]
[1279] 61279
[1280]
[1281]
[1282]
[1283]
[1284] 23784 8784
[1285] 83785 31285
[1286] 76286
[1287]
[1288] 16288
[1289] 23789 8789
[1290]
[1291] 98791
[1292] 16292
[1293] 23793 16293 61293
[1294]
[1295]
[1296] 23796 16296 76296 46296
[1297] 8797
[1298]
[1299]
[1300]
[1301]
[1302] 46302
[1303] 53803 23803 98803
[1304]
[1305]
[1306] 8806
[1307] 68807
[1308] 8808
[1309] 23809
[1310] 68810
[1311] 76311 98811
[1312] 76312
[1313]
[1314] 53814
[1315]
[1316] 68816
[1317]
[1318] 16318
[1319] 98819
[1320]
[1321] 53821 46321
[1322]
[1323]
[1324] 98824
[1325] 98825
[1326]
[1327] 91327
[1328] 1328
[1329] 68829
[1330] 98830 16330
[1331]
[1332]
[1333]
[1334]
[1335]
[1336] 23836
[1337]
[1338] 1338
[1339] 76339
[1340]
[1341]
[1342]
[1343] 61343
[1344]
[1345] 76345 53845 46345 31345
[1346] 68846
[1347]
[1348] 76348
[1349] 8849
[1350] 46350 38850 1350 8850
[1351] 53851
[1352] 16352 83852
[1353] 61353
[1354] 53854
[1355] 91355
[1356]
[1357]
[1358] 31358
[1359]
[1360]
[1361] 91361
[1362]
[1363] 23863 1363 53863 68863 68863
[1364]
[1365]
[1366] 38866
[1367] 38867
[1368] 76368
[1369] 68869
[1370]
[1371] 23871
[1372]
[1373]
[1374] 76374
[1375] 98875
[1376]
[1377]
[1378]
[1379]
[1380] 76380
[1381] 91381 53881
[1382] 1382 23882 16382
[1383]
[1384] 23884 31384 38884 23884
[1385] 38885
[1386] 8886
[1387]
[1388] 76388 38888
[1389]
[1390] 1390
[1391] 76391 8891
[1392] 68892
[1393] 98893
[1394] 8894 1394
[1395]
[1396] 68896
[1397] 1397 31397
[1398] 61398 61398
[1399] 16399 76399
[1400] 31400
[1401]
[1402]
[1403]
[1404] 76404
[1405]
[1406] 61406
[1407]
[1408]
[1409]
[1410]
[1411]
[1412]
[1413] 83913
[1414]
[1415] 23915
[1416]
[1417]
[1418]
[1419] 83919
[1420]
[1421] 53921 38921
[1422]
[1423]
[1424]
[1425] 31425 38925
[1426]
[1427]
[1428] 61428 1428 53928
[1429]
[1430] 23930
[1431]
[1432] 31432
[1433]
[1434] 61434 53934
[1435]
[1436] 76436
[1437]
[1438] 53938
[1439]
[1440]
[1441] 31441
[1442]
[1443]
[1444]
[1445]
[1446] 16446
[1447] 31447
[1448]
[1449]
[1450] 1450
[1451] 76451
[1452] 1452 98952
[1453] 23953
[1454] 76454
[1455] 76455
[1456]
[1457] 8957
[1458] 68958 38958
[1459]
[1460] 8960
[1461]
[1462] 76462
[1463]
[1464] 91464
[1465]
[1466]
[1467]
[1468]
[1469]
[1470] 61470
[1471] 46471 8971
[1472]
[1473]
[1474]
[1475] 83975 46475
[1476] 53976
[1477] 68977
[1478] 38978 8978
[1479]
[1480] 76480
[1481]
[1482] 31482 1482
[1483] 46483 76483
[1484]
[1485]
[1486]
[1487]
[1488] 53988 68988
[1489] 23989
[1490]
[1491]
[1492]
[1493]
[1494]
[1495] 38995
[1496]
[1497]
[1498] 16498
[1499] 61499
[1500]
[1501] 69001
[1502] 99002
[1503] 9003
[1504]
[1505]
[1506]
[1507]
[1508]
[1509] 24009
[1510] 99010
[1511] 46511
[1512] 61512
[1513] 99013
[1514]
[1515]
[1516] 39016
[1517] 46517
[1518] 91518
[1519] 31519
[1520]
[1521] 1521 1521 16521
[1522]
[1523] 76523
[1524] 9024
[1525] 54025
[1526] 84026
[1527]
[1528]
[1529]
[1530]
[1531]
[1532]
[1533]
[1534]
[1535] 39035
[1536] 39036
[1537]
[1538]
[1539] 1539 84039
[1540]
[1541] 39041 99041
[1542] 69042
[1543]
[1544] 31544
[1545]
[1546] 16546 61546
[1547]
[1548]
[1549] 84049
[1550] 61550
[1551]
[1552] 91552
[1553] 54053
[1554] 46554
[1555]
[1556]
[1557] 9057
[1558]
[1559] 61559
[1560] 76560
[1561] 99061
[1562]
[1563] 46563
[1564]
[1565] 84065
[1566]
[1567]
[1568] 91568
[1569]
[1570]
[1571]
[1572]
[1573]
[1574] 69074 39074
[1575] 99075
[1576] 39076
[1577] 46577
[1578] 84078 76578
[1579] 46579
[1580] 91580 99080
[1581] 76581 91581
[1582] 54082
[1583]
[1584]
[1585]
[1586] 16586
[1587] 99087 46587
[1588] 46588
[1589]
[1590] 24090
[1591]
[1592]
[1593]
[1594]
[1595]
[1596]
[1597]
[1598] 16598
[1599] 31599
[1600]
[1601]
[1602] 91602
[1603]
[1604] 91604
[1605]
[1606] 91606 16606
[1607] 84107
[1608] 76608 76608
[1609]
[1610]
[1611] 69111
[1612] 24112
[1613] 39113 61613
[1614]
[1615] 76615
[1616] 16616
[1617]
[1618] 61618
[1619] 61619 99119
[1620] 9120 24120
[1621]
[1622] 54122
[1623] 1623
[1624] 16624 31624
[1625] 9125
[1626]
[1627] 91627 39127 61627
[1628] 31628 61628 46628
[1629] 99129
[1630]
[1631] 61631
[1632] 99132 9132
[1633] 1633
[1634]
[1635] 39135 99135
[1636]
[1637] 61637
[1638]
[1639] 69139 31639
[1640] 31640 99140 61640
[1641]
[1642] 1642
[1643]
[1644]
[1645] 16645 16645
[1646] 69146 76646 9146
[1647] 69147
[1648] 16648 84148
[1649]
[1650] 69150
[1651]
[1652] 1652
[1653]
[1654] 91654
[1655] 31655
[1656]
[1657]
[1658] 84158
[1659] 61659 16659
[1660] 54160
[1661]
[1662]
[1663]
[1664] 16664
[1665]
[1666] 46666 24166
[1667] 1667
[1668] 91668 31668
[1669]
[1670]
[1671] 61671
[1672]
[1673] 16673
[1674]
[1675] 99175
[1676] 46676 61676 84176
[1677] 54177
[1678] 46678 54178 31678
[1679]
[1680] 54180 46680
[1681]
[1682]
[1683] 99183
[1684] 1684
[1685] 46685
[1686] 76686 16686 69186
[1687]
[1688] 99188
[1689] 61689
[1690] 61690
[1691] 76691 54191 16691
[1692] 91692 61692 61692
[1693]
[1694] 24194 76694 69194
[1695]
[1696]
[1697] 76697
[1698]
[1699] 24199
[1700] 99200
[1701] 76701
[1702] 54202
[1703]
[1704] 46704
[1705]
[1706] 39206
[1707] 54207
[1708]
[1709] 46709
[1710]
[1711]
[1712] 9212
[1713] 99213
[1714]
[1715]
[1716]
[1717] 31717
[1718]
[1719] 54219 24219
[1720] 69220
[1721] 46721
[1722]
[1723]
[1724]
[1725] 54225
[1726]
[1727] 91727
[1728]
[1729]
[1730] 99230
[1731] 16731
[1732] 46732 24232
[1733]
[1734] 16734
[1735] 24235
[1736] 91736
[1737]
[1738]
[1739]
[1740] 69240
[1741] 99241
[1742] 84242
[1743]
[1744]
[1745] 9245 84245
[1746]
[1747]
[1748]
[1749] 1749 1749
[1750]
[1751]
[1752] 84252
[1753] 91753 99253
[1754] 24254 84254
[1755] 99255
[1756]
[1757] 31757 39257
[1758] 76758
[1759] 99259
[1760] 31760
[1761]
[1762]
[1763]
[1764]
[1765]
[1766] 1766 61766 84266
[1767]
[1768] 84268
[1769]
[1770]
[1771] 39271
[1772]
[1773] 91773 76773 39273
[1774] 69274
[1775] 39275
[1776]
[1777] 16777 76777
[1778]
[1779]
[1780]
[1781] 46781
[1782] 31782 61782
[1783] 9283
[1784]
[1785] 9285 61785
[1786]
[1787] 31787 16787
[1788]
[1789] 61789
[1790] 54290 1790
[1791] 39291
[1792]
[1793] 69293
[1794] 31794 54294
[1795]
[1796] 31796 9296
[1797] 24297 84297
[1798]
[1799]
[1800] 1800
[1801] 54301 24301 16801
[1802]
[1803]
[1804] 16804 99304
[1805]
[1806] 31806
[1807]
[1808]
[1809] 54309
[1810]
[1811]
[1812]
[1813] 24313
[1814] 69314 24314 31814
[1815]
[1816] 91816
[1817]
[1818] 39318
[1819]
[1820] 99320
[1821] 84321
[1822] 99322 39322
[1823]
[1824]
[1825] 69325 69325 39325
[1826] 99326
[1827]
[1828] 69328 69328
[1829] 76829
[1830] 16830 69330
[1831] 46831 69331
[1832]
[1833] 91833
[1834]
[1835]
[1836] 61836 61836
[1837]
[1838] 69338
[1839] 16839
[1840]
[1841] 54341
[1842] 91842 46842
[1843]
[1844] 61844
[1845] 9345
[1846]
[1847] 46847 54347 16847
[1848] 1848
[1849]
[1850]
[1851]
[1852]
[1853] 61853 31853 16853
[1854] 84354
[1855]
[1856] 46856
[1857] 91857
[1858] 1858
[1859]
[1860]
[1861] 24361 54361
[1862]
[1863] 39363
[1864] 91864
[1865] 61865
[1866] 84366 9366 61866
[1867] 39367 16867
[1868] 69368
[1869]
[1870]
[1871] 24371
[1872]
[1873]
[1874]
[1875]
[1876]
[1877]
[1878]
[1879] 24379
[1880] 1880
[1881]
[1882] 16882
[1883] 84383
[1884]
[1885] 61885
[1886]
[1887]
[1888]
[1889] 46889 24389 76889
[1890] 9390
[1891]
[1892] 76892 61892
[1893]
[1894]
[1895] 99395 16895
[1896] 69396
[1897]
[1898] 76898 61898
[1899] 46899
[1900] 9400
[1901] 69401 61901
[1902] 16902
[1903] 69403
[1904]
[1905] 39405 69405
[1906]
[1907]
[1908]
[1909] 1909 61909
[1910]
[1911]
[1912] 9412 39412
[1913] 84413
[1914] 46914
[1915]
[1916] 54416 84416 91916
[1917]
[1918] 61918
[1919] 24419
[1920]
[1921] 61921
[1922] 61922
[1923] 84423
[1924]
[1925]
[1926]
[1927] 24427
[1928]
[1929] 9429 84429
[1930]
[1931]
[1932] 84432
[1933]
[1934] 16934
[1935]
[1936]
[1937]
[1938]
[1939] 76939
[1940] 54440 54440 16940
[1941]
[1942]
[1943]
[1944] 84444
[1945]
[1946]
[1947] 99447 91947
[1948]
[1949] 54449 99449
[1950] 9450
[1951]
[1952] 31952 46952
[1953] 9453 1953
[1954]
[1955] 39455
[1956]
[1957]
[1958] 54458 61958
[1959]
[1960] 54460 91960
[1961] 31961
[1962]
[1963] 84463
[1964]
[1965] 99465
[1966] 16966
[1967] 46967 54467
[1968]
[1969]
[1970] 39470
[1971]
[1972]
[1973] 46973
[1974] 46974
[1975] 31975
[1976] 31976 46976 76976
[1977]
[1978]
[1979]
[1980] 31980 61980
[1981]
[1982] 76982
[1983] 1983
[1984]
[1985] 54485 54485
[1986] 16986 46986
[1987]
[1988]
[1989]
[1990] 54490 91990 54490
[1991] 16991 84491
[1992] 46992
[1993]
[1994]
[1995]
[1996] 46996 31996 46996 24496
[1997]
[1998] 84498
[1999] 54499 46999
[2000]
[2001] 62001
[2002] 47002 84502
[2003]
[2004] 47004
[2005] 92005 69505 77005
[2006] 47006
[2007]
[2008]
[2009] 32009
[2010]
[2011] 32011 99511
[2012]
[2013] 24513
[2014]
[2015]
[2016] 2016
[2017] 47017
[2018]
[2019] 24519
[2020]
[2021] 99521
[2022]
[2023] 62023
[2024] 39524
[2025] 17025 92025
[2026] 32026
[2027] 77027
[2028]
[2029]
[2030] 17030
[2031] 24531
[2032]
[2033]
[2034] 32034
[2035] 17035
[2036]
[2037]
[2038]
[2039] 62039 99539
[2040] 2040
[2041]
[2042]
[2043]
[2044] 99544
[2045]
[2046]
[2047] 2047
[2048] 9548
[2049]
[2050] 39550
[2051] 17051
[2052] 32052
[2053]
[2054]
[2055]
[2056]
[2057] 62057 84557 17057 24557
[2058]
[2059]
[2060]
[2061]
[2062]
[2063]
[2064]
[2065] 24565
[2066] 54566
[2067]
[2068]
[2069] 32069 54569
[2070] 62070 69570 39570
[2071] 77071
[2072]
[2073] 99573
[2074]
[2075] 39575
[2076]
[2077] 84577
[2078] 84578
[2079]
[2080] 47080
[2081]
[2082]
[2083]
[2084]
[2085] 99585
[2086]
[2087] 17087
[2088] 2088
[2089]
[2090]
[2091]
[2092] 92092
[2093] 69593
[2094]
[2095]
[2096]
[2097]
[2098]
[2099] 99599 17099
[2100]
[2101]
[2102]
[2103] 84603 24603
[2104]
[2105] 24605
[2106]
[2107]
[2108] 17108
[2109] 39609
[2110] 17110 47110
[2111] 92111
[2112] 24612
[2113]
[2114] 99614 84614
[2115] 17115
[2116] 54616
[2117]
[2118] 17118
[2119] 17119
[2120]
[2121]
[2122]
[2123]
[2124] 9624
[2125] 54625 99625
[2126] 47126 47126 2126
[2127]
[2128]
[2129] 69629
[2130]
[2131]
[2132]
[2133]
[2134]
[2135]
[2136]
[2137] 17137
[2138]
[2139] 24639
[2140] 69640
[2141]
[2142]
[2143]
[2144]
[2145]
[2146]
[2147] 62147
[2148]
[2149]
[2150] 77150
[2151] 9651 69651 47151
[2152]
[2153] 62153
[2154]
[2155]
[2156]
[2157] 9657
[2158]
[2159]
[2160] 32160 77160
[2161]
[2162] 62162 84662
[2163]
[2164] 84664
[2165] 99665
[2166] 47166
[2167]
[2168]
[2169] 84669
[2170]
[2171] 62171 92171
[2172]
[2173] 99673 62173
[2174] 62174
[2175] 54675
[2176] 92176 92176
[2177] 77177
[2178]
[2179] 2179 39679
[2180] 99680 92180 32180
[2181] 9681
[2182]
[2183]
[2184] 92184
[2185] 54685
[2186] 9686
[2187]
[2188]
[2189]
[2190]
[2191] 9691
[2192]
[2193] 62193
[2194]
[2195] 62195
[2196] 47196
[2197]
[2198] 84698
[2199] 77199
[2200]
[2201]
[2202] 32202
[2203]
[2204]
[2205]
[2206] 99706 62206
[2207] 2207
[2208]
[2209] 84709
[2210] 84710
[2211] 9711
[2212]
[2213]
[2214]
[2215]
[2216] 2216 24716
[2217] 47217
[2218]
[2219]
[2220] 84720 47220
[2221]
[2222]
[2223]
[2224] 47224
[2225]
[2226] 69726
[2227] 32227
[2228]
[2229]
[2230]
[2231] 32231
[2232] 69732 54732
[2233] 69733
[2234] 39734
[2235]
[2236] 39736
[2237] 62237
[2238] 92238 24738 2238
[2239]
[2240]
[2241] 54741
[2242] 32242
[2243]
[2244] 92244 84744 47244
[2245]
[2246]
[2247] 62247
[2248] 92248
[2249] 24749
[2250] 17250
[2251] 62251 32251
[2252]
[2253] 84753
[2254]
[2255] 9755
[2256]
[2257]
[2258] 9758
[2259]
[2260]
[2261] 32261 84761
[2262]
[2263] 92263
[2264]
[2265] 9765
[2266]
[2267]
[2268]
[2269] 9769
[2270]
[2271]
[2272]
[2273]
[2274] 24774
[2275]
[2276] 24776
[2277]
[2278] 84778 24778
[2279] 32279
[2280] 69780
[2281] 24781
[2282] 54782
[2283]
[2284] 77284 54784 54784
[2285]
[2286] 92286
[2287]
[2288]
[2289]
[2290] 17290 24790
[2291] 47291
[2292] 24792
[2293]
[2294]
[2295]
[2296]
[2297] 77297 39797
[2298]
[2299]
[2300] 69800
[2301] 99801
[2302]
[2303] 17303
[2304] 84804
[2305] 47305
[2306] 39806
[2307] 54807
[2308] 9808
[2309] 39809
[2310] 24810
[2311]
[2312] 47312 69812
[2313]
[2314]
[2315] 9815
[2316]
[2317]
[2318] 62318 99818
[2319] 32319 17319
[2320]
[2321] 9821
[2322]
[2323] 99823
[2324] 2324 69824
[2325]
[2326] 99826
[2327]
[2328] 32328
[2329] 69829
[2330] 54830
[2331] 54831
[2332]
[2333] 77333
[2334] 54834 54834
[2335] 9835 32335 69835
[2336] 99836 17336
[2337] 2337
[2338]
[2339] 77339 32339
[2340]
[2341] 92341
[2342]
[2343] 32343 24843 84843
[2344]
[2345]
[2346]
[2347] 32347 62347 77347
[2348]
[2349]
[2350] 84850 92350 9850
[2351] 9851
[2352]
[2353]
[2354]
[2355]
[2356]
[2357] 47357
[2358]
[2359]
[2360]
[2361] 84861
[2362] 17362
[2363] 17363
[2364]
[2365]
[2366]
[2367] 54867
[2368]
[2369] 9869
[2370] 84870
[2371]
[2372] 84872
[2373]
[2374]
[2375]
[2376]
[2377]
[2378]
[2379] 39879
[2380]
[2381] 77381
[2382]
[2383]
[2384] 69884 77384
[2385]
[2386] 77386
[2387] 84887
[2388] 92388
[2389] 17389
[2390] 2390 9890 9890
[2391] 17391 2391
[2392]
[2393] 17393
[2394] 54894 2394
[2395] 17395
[2396]
[2397]
[2398]
[2399]
[2400] 2400
[2401] 47401 9901
[2402]
[2403] 62403
[2404]
[2405]
[2406]
[2407] 62407
[2408]
[2409]
[2410] 17410 39910
[2411]
[2412]
[2413]
[2414] 92414 39914 39914
[2415] 54915
[2416]
[2417] 32417 69917 17417 92417 92417
[2418]
[2419] 54919 54919 9919 32419
[2420]
[2421] 69921
[2422]
[2423]
[2424]
[2425] 9925
[2426] 17426 77426 54926
[2427] 62427
[2428]
[2429] 54929
[2430] 24930
[2431] 32431
[2432] 32432
[2433]
[2434]
[2435]
[2436] 39936
[2437]
[2438] 17438
[2439]
[2440]
[2441] 2441
[2442] 84942 9942
[2443] 84943
[2444] 69944
[2445] 17445 69945 47445
[2446] 2446
[2447]
[2448] 54948 69948 84948
[2449] 39949 47449
[2450] 99950
[2451] 17451
[2452]
[2453] 17453
[2454] 99954 92454 39954
[2455] 84955
[2456]
[2457] 84957
[2458] 2458
[2459] 99959
[2460] 2460
[2461]
[2462] 69962
[2463]
[2464] 9964
[2465]
[2466]
[2467] 77467 99967 39967 32467
[2468] 9968 69968
[2469] 9969
[2470] 39970
[2471] 62471
[2472] 9972
[2473]
[2474]
[2475]
[2476]
[2477]
[2478] 47478 47478
[2479] 39979
[2480] 24980 54980
[2481] 99981
[2482]
[2483] 17483 24983
[2484] 92484 47484 24984
[2485]
[2486] 99986 32486
[2487] 17487 17487
[2488] 24988
[2489] 9989
[2490]
[2491] 39991 17491 32491
[2492]
[2493] 32493
[2494]
[2495] 39995
[2496]
[2497] 92497
[2498] 69998
[2499]
[2500]
[2501] 10001
[2502] 25002
[2503] 62503
[2504]
[2505]
[2506] 2506
[2507] 2507
[2508]
[2509]
[2510] 70010
[2511] 92511
[2512]
[2513] 92513
[2514] 70014
[2515] 47515
[2516] 55016 47516 55016
[2517] 25017
[2518]
[2519] 70019
[2520]
[2521]
[2522]
[2523]
[2524] 17524
[2525] 32525
[2526]
[2527]
[2528]
[2529] 55029 10029 25029
[2530]
[2531]
[2532]
[2533] 10033
[2534]
[2535] 55035 2535
[2536]
[2537]
[2538] 92538
[2539] 25039
[2540]
[2541] 2541 2541
[2542]
[2543] 40043
[2544] 70044
[2545] 17545
[2546] 62546
[2547]
[2548]
[2549]
[2550] 40050
[2551]
[2552] 17552
[2553]
[2554]
[2555] 62555 77555
[2556]
[2557] 10057 92557
[2558]
[2559]
[2560] 17560
[2561]
[2562]
[2563] 25063
[2564] 55064
[2565]
[2566]
[2567]
[2568] 55068 62568 47568
[2569] 62569
[2570]
[2571] 40071
[2572]
[2573] 10073 32573 77573
[2574] 10074
[2575] 40075
[2576] 32576
[2577]
[2578]
[2579] 85079
[2580] 92580
[2581]
[2582]
[2583] 77583
[2584] 77584
[2585] 77585
[2586] 2586 10086
[2587]
[2588] 47588 2588
[2589]
[2590]
[2591]
[2592] 47592
[2593] 70093
[2594]
[2595]
[2596] 47596
[2597]
[2598]
[2599]
[2600]
[2601]
[2602]
[2603]
[2604] 25104
[2605]
[2606]
[2607]
[2608]
[2609] 47609 62609
[2610]
[2611] 70111
[2612]
[2613] 70113 2613
[2614] 25114 25114
[2615] 40115
[2616]
[2617]
[2618] 70118
[2619]
[2620]
[2621] 92621
[2622]
[2623]
[2624]
[2625]
[2626]
[2627]
[2628] 62628 85128 40128
[2629] 47629 77629
[2630]
[2631]
[2632]
[2633] 10133
[2634] 62634 2634
[2635] 85135 62635 25135 17635
[2636] 77636
[2637]
[2638] 10138 55138
[2639]
[2640] 92640 92640
[2641] 40141
[2642]
[2643] 10143
[2644]
[2645] 32645
[2646]
[2647]
[2648] 85148
[2649]
[2650] 32650
[2651] 47651
[2652]
[2653] 17653
[2654]
[2655]
[2656]
[2657] 92657
[2658] 47658 25158
[2659] 70159
[2660]
[2661] 85161
[2662]
[2663]
[2664] 77664
[2665] 62665
[2666] 62666
[2667]
[2668]
[2669] 55169
[2670]
[2671]
[2672] 32672
[2673]
[2674] 32674
[2675] 55175
[2676]
[2677] 62677
[2678]
[2679] 62679
[2680]
[2681]
[2682] 70182 40182
[2683]
[2684]
[2685]
[2686] 47686
[2687]
[2688] 70188
[2689]
[2690]
[2691]
[2692] 77692 77692
[2693]
[2694]
[2695] 77695
[2696]
[2697]
[2698]
[2699]
[2700]
[2701]
[2702]
[2703]
[2704]
[2705] 25205
[2706]
[2707]
[2708] 92708
[2709]
[2710]
[2711]
[2712]
[2713] 25213 2713
[2714] 62714 47714
[2715] 55215
[2716] 2716
[2717]
[2718] 2718
[2719]
[2720]
[2721] 47721
[2722]
[2723] 77723
[2724] 2724 32724
[2725] 77725 10225
[2726] 70226
[2727]
[2728] 77728
[2729]
[2730]
[2731]
[2732] 77732
[2733]
[2734]
[2735]
[2736]
[2737]
[2738]
[2739] 55239
[2740]
[2741]
[2742]
[2743]
[2744]
[2745] 70245 55245 10245
[2746]
[2747]
[2748]
[2749] 32749 47749 25249
[2750]
[2751]
[2752]
[2753]
[2754]
[2755] 92755 47755
[2756]
[2757] 25257
[2758]
[2759] 92759
[2760]
[2761]
[2762]
[2763] 32763
[2764]
[2765]
[2766] 40266 92766
[2767] 2767 47767
[2768]
[2769] 70269
[2770] 10270
[2771]
[2772] 10272
[2773]
[2774]
[2775]
[2776] 70276
[2777] 25277
[2778]
[2779]
[2780] 10280 2780
[2781] 25281 2781
[2782] 10282
[2783] 62783
[2784] 32784
[2785]
[2786]
[2787]
[2788] 47788
[2789]
[2790]
[2791]
[2792] 77792
[2793] 92793 70293
[2794] 17794
[2795] 47795
[2796] 17796 55296
[2797] 10297
[2798]
[2799] 47799
[2800]
[2801]
[2802]
[2803]
[2804]
[2805]
[2806]
[2807]
[2808]
[2809] 25309
[2810]
[2811]
[2812]
[2813] 70313
[2814]
[2815]
[2816]
[2817] 47817
[2818]
[2819]
[2820]
[2821] 55321 70321 25321
[2822]
[2823] 40323
[2824] 85324
[2825]
[2826]
[2827]
[2828]
[2829]
[2830] 32830 70330
[2831]
[2832] 40332
[2833] 10333
[2834] 62834
[2835]
[2836] 62836
[2837] 62837 2837
[2838] 77838 32838
[2839]
[2840]
[2841]
[2842]
[2843] 92843
[2844] 62844
[2845] 10345 70345
[2846]
[2847]
[2848] 25348 10348
[2849]
[2850]
[2851] 70351
[2852] 70352 2852
[2853] 55353
[2854] 47854
[2855]
[2856]
[2857]
[2858] 92858 77858
[2859]
[2860]
[2861] 17861 25361
[2862]
[2863] 40363 47863
[2864] 70364
[2865]
[2866]
[2867]
[2868]
[2869]
[2870]
[2871]
[2872] 25372 92872 92872
[2873]
[2874] 2874
[2875]
[2876]
[2877] 17877 77877
[2878]
[2879]
[2880] 92880
[2881]
[2882]
[2883] 77883
[2884]
[2885] 2885
[2886] 92886
[2887] 62887 70387
[2888] 85388
[2889] 70389
[2890] 32890
[2891]
[2892]
[2893] 40393 77893
[2894] 10394
[2895] 40395
[2896]
[2897] 10397 25397
[2898]
[2899] 77899
[2900]
[2901]
[2902] 70402 55402
[2903] 77903
[2904]
[2905]
[2906] 2906
[2907] 70407
[2908] 2908
[2909] 77909
[2910] 55410
[2911] 85411 2911
[2912]
[2913]
[2914] 17914
[2915]
[2916] 40416
[2917]
[2918] 92918 85418
[2919]
[2920] 2920 62920
[2921] 70421
[2922]
[2923] 92923
[2924]
[2925] 55425
[2926] 47926
[2927]
[2928]
[2929]
[2930]
[2931] 70431
[2932]
[2933] 70433
[2934] 40434
[2935] 55435
[2936]
[2937]
[2938]
[2939]
[2940] 85440 17940 85440
[2941]
[2942]
[2943] 47943 40443
[2944]
[2945]
[2946]
[2947]
[2948]
[2949]
[2950]
[2951]
[2952]
[2953]
[2954] 55454
[2955] 55455
[2956] 55456
[2957]
[2958]
[2959]
[2960] 32960 70460 70460
[2961] 85461
[2962]
[2963]
[2964] 85464 62964
[2965]
[2966]
[2967]
[2968] 55468 32968
[2969] 55469
[2970]
[2971] 92971
[2972] 85472
[2973] 25473
[2974]
[2975] 85475 47975 32975
[2976] 25476
[2977] 85477 77977
[2978]
[2979] 85479 17979
[2980]
[2981]
[2982] 2982
[2983]
[2984]
[2985]
[2986]
[2987] 47987
[2988]
[2989]
[2990]
[2991] 77991
[2992] 10492
[2993]
[2994] 77994
[2995]
[2996]
[2997]
[2998] 47998
[2999] 77999 10499
[3000] 25500
[3001]
[3002] 55502 63002 40502
[3003] 70503 3003 63003
[3004]
[3005]
[3006]
[3007]
[3008] 85508
[3009]
[3010]
[3011]
[3012]
[3013] 18013 25513 85513
[3014]
[3015]
[3016] 10516 63016
[3017] 3017
[3018]
[3019]
[3020]
[3021] 40521
[3022]
[3023] 25523
[3024] 33024 25524
[3025] 85525
[3026]
[3027] 10527
[3028] 78028 55528
[3029] 55529
[3030] 48030
[3031] 40531 78031
[3032]
[3033] 25533
[3034]
[3035]
[3036] 40536
[3037]
[3038] 85538
[3039] 63039
[3040] 93040
[3041]
[3042]
[3043]
[3044]
[3045]
[3046] 18046
[3047] 25547 85547 10547 10547
[3048]
[3049] 33049
[3050] 63050 85550
[3051] 3051
[3052] 48052
[3053]
[3054]
[3055] 85555 40555 10555
[3056]
[3057]
[3058] 25558
[3059]
[3060]
[3061]
[3062]
[3063]
[3064] 40564
[3065]
[3066]
[3067]
[3068] 55568
[3069]
[3070]
[3071] 48071
[3072] 3072
[3073]
[3074]
[3075] 93075 25575 3075
[3076]
[3077]
[3078]
[3079] 85579
[3080] 78080
[3081]
[3082]
[3083]
[3084]
[3085] 33085 78085
[3086]
[3087]
[3088]
[3089] 40589 70589
[3090] 55590
[3091]
[3092]
[3093] 25593
[3094]
[3095]
[3096]
[3097] 55597 25597
[3098]
[3099] 10599
[3100]
[3101] 33101
[3102] 40602 55602
[3103]
[3104]
[3105]
[3106]
[3107] 3107
[3108] 55608
[3109] 93109
[3110] 40610
[3111] 85611
[3112] 40612
[3113] 48113
[3114]
[3115] 78115
[3116] 78116 48116 93116
[3117]
[3118]
[3119]
[3120] 55620
[3121] 33121
[3122] 63122 55622
[3123]
[3124] 93124
[3125] 33125
[3126] 18126
[3127] 55627
[3128]
[3129]
[3130]
[3131]
[3132]
[3133] 3133 40633
[3134]
[3135]
[3136]
[3137] 40637 18137
[3138]
[3139]
[3140] 33140 78140
[3141]
[3142]
[3143] 93143 33143
[3144]
[3145]
[3146]
[3147] 55647
[3148] 63148
[3149]
[3150] 40650
[3151]
[3152] 63152
[3153] 3153
[3154]
[3155] 55655
[3156]
[3157]
[3158]
[3159] 3159 3159
[3160] 10660
[3161]
[3162] 25662
[3163]
[3164]
[3165]
[3166] 93166 48166 10666
[3167]
[3168] 63168
[3169] 25669
[3170] 70670 63170
[3171] 55671
[3172] 40672
[3173] 93173
[3174] 85674
[3175]
[3176]
[3177]
[3178]
[3179] 78179
[3180]
[3181]
[3182] 25682
[3183]
[3184]
[3185]
[3186]
[3187]
[3188] 55688
[3189]
[3190]
[3191] 40691
[3192] 3192
[3193]
[3194]
[3195]
[3196]
[3197]
[3198]
[3199] 40699
[3200] 70700 40700
[3201] 85701
[3202] 55702
[3203] 85703 63203
[3204]
[3205]
[3206] 18206
[3207] 70707
[3208]
[3209] 63209
[3210]
[3211] 25711
[3212]
[3213] 3213 63213
[3214] 40714
[3215]
[3216]
[3217] 85717
[3218]
[3219]
[3220] 10720
[3221] 48221 33221
[3222] 48222 63222
[3223]
[3224]
[3225] 70725
[3226]
[3227] 18227
[3228]
[3229]
[3230]
[3231]
[3232]
[3233]
[3234] 3234 48234
[3235] 55735 33235
[3236]
[3237] 10737
[3238]
[3239] 3239
[3240]
[3241]
[3242] 10742
[3243]
[3244]
[3245] 18245 10745
[3246] 48246
[3247]
[3248]
[3249]
[3250]
[3251] 18251
[3252]
[3253]
[3254]
[3255] 78255 93255
[3256] 18256
[3257]
[3258] 25758
[3259]
[3260] 10760
[3261] 40761 18261
[3262] 93262
[3263] 78263
[3264]
[3265] 78265
[3266]
[3267]
[3268]
[3269] 40769 55769
[3270] 93270 70770 48270
[3271] 63271
[3272] 78272
[3273] 18273
[3274] 48274
[3275] 63275 25775 33275
[3276]
[3277]
[3278]
[3279]
[3280]
[3281]
[3282] 63282
[3283] 55783
[3284]
[3285]
[3286]
[3287]
[3288]
[3289]
[3290] 63290
[3291]
[3292] 85792
[3293]
[3294]
[3295] 33295
[3296] 25796
[3297] 18297
[3298]
[3299]
[3300]
[3301]
[3302] 33302 40802
[3303] 55803
[3304]
[3305] 10805
[3306]
[3307] 40807
[3308]
[3309]
[3310] 93310
[3311]
[3312]
[3313]
[3314]
[3315]
[3316]
[3317] 40817
[3318]
[3319]
[3320]
[3321]
[3322] 78322
[3323] 85823
[3324] 70824
[3325]
[3326]
[3327] 40827
[3328]
[3329]
[3330] 55830 25830
[3331] 85831
[3332] 93332
[3333]
[3334] 40834
[3335]
[3336] 93336 40836
[3337] 18337
[3338] 10838
[3339] 70839
[3340]
[3341] 78341
[3342] 48342
[3343] 33343
[3344]
[3345] 18345
[3346] 40846
[3347] 3347
[3348]
[3349]
[3350] 33350 85850 78350
[3351]
[3352]
[3353]
[3354] 33354
[3355]
[3356] 18356
[3357]
[3358] 33358
[3359] 85859 78359 85859
[3360]
[3361] 70861 55861
[3362]
[3363] 33363
[3364]
[3365] 33365
[3366] 85866
[3367] 3367 93367
[3368] 18368
[3369] 18369
[3370]
[3371] 40871
[3372]
[3373] 55873
[3374] 10874 48374 40874
[3375]
[3376]
[3377] 55877
[3378]
[3379]
[3380] 3380
[3381]
[3382]
[3383]
[3384]
[3385] 93385
[3386] 78386 48386
[3387] 25887
[3388] 10888
[3389] 63389
[3390]
[3391]
[3392]
[3393]
[3394] 70894 33394 63394
[3395] 25895
[3396]
[3397]
[3398]
[3399] 70899 18399 18399
[3400] 78400
[3401]
[3402] 63402
[3403]
[3404] 25904
[3405]
[3406]
[3407] 48407 70907
[3408]
[3409] 33409
[3410]
[3411]
[3412]
[3413]
[3414]
[3415]
[3416]
[3417] 70917
[3418]
[3419]
[3420]
[3421] 10921 33421
[3422]
[3423]
[3424]
[3425]
[3426] 18426
[3427]
[3428] 18428 25928 33428
[3429] 48429
[3430] 48430
[3431]
[3432] 40932
[3433] 78433 33433
[3434]
[3435] 3435 48435
[3436] 70936 48436
[3437] 18437
[3438]
[3439]
[3440] 10940 48440
[3441] 25941 70941
[3442] 40942 78442
[3443] 85943 40943 33443
[3444]
[3445] 3445
[3446]
[3447] 3447 93447
[3448] 63448
[3449]
[3450]
[3451]
[3452] 25952 18452
[3453]
[3454]
[3455]
[3456]
[3457] 18457
[3458] 25958 25958 70958 10958
[3459] 78459 33459
[3460] 10960
[3461]
[3462] 70962 25962
[3463] 40963
[3464] 10964
[3465] 40965
[3466]
[3467]
[3468] 48468 3468
[3469]
[3470] 85970
[3471]
[3472] 48472
[3473]
[3474] 40974
[3475] 18475
[3476] 85976
[3477]
[3478]
[3479]
[3480] 10980 70980
[3481]
[3482]
[3483]
[3484]
[3485]
[3486]
[3487] 25987
[3488] 18488
[3489] 78489 48489
[3490] 70990
[3491]
[3492] 33492 70992
[3493]
[3494] 10994 25994
[3495] 78495 3495
[3496]
[3497]
[3498]
[3499] 3499 70999
[3500]
[3501]
[3502] 63502 26002 56002
[3503]
[3504]
[3505] 3505 3505
[3506]
[3507]
[3508]
[3509]
[3510]
[3511] 86011 18511
[3512] 86012
[3513] 41013
[3514] 48514
[3515] 48515 78515
[3516] 78516 63516 18516 63516
[3517]
[3518] 56018
[3519]
[3520]
[3521] 3521 86021
[3522] 63522
[3523]
[3524] 48524
[3525] 11025
[3526] 48526 48526
[3527] 18527
[3528] 3528
[3529] 33529 56029
[3530]
[3531] 11031
[3532]
[3533]
[3534] 33534
[3535] 48535
[3536]
[3537] 71037 93537 71037
[3538]
[3539]
[3540]
[3541] 11041
[3542]
[3543]
[3544]
[3545]
[3546]
[3547] 41047
[3548] 78548
[3549]
[3550]
[3551] 93551 26051
[3552] 11052
[3553] 11053
[3554]
[3555]
[3556]
[3557]
[3558]
[3559]
[3560]
[3561] 11061
[3562] 3562
[3563] 48563
[3564]
[3565] 63565 11065 33565 93565 26065
[3566]
[3567] 93567
[3568] 26068 11068
[3569]
[3570]
[3571] 93571 33571
[3572]
[3573] 71073 78573
[3574] 63574
[3575] 26075
[3576] 93576
[3577]
[3578]
[3579] 78579 18579
[3580]
[3581]
[3582]
[3583]
[3584] 63584
[3585]
[3586]
[3587] 18587
[3588]
[3589] 48589
[3590] 86090 3590
[3591]
[3592]
[3593] 11093
[3594] 18594
[3595]
[3596] 41096
[3597]
[3598] 93598
[3599]
[3600]
[3601]
[3602] 11102 71102
[3603] 33603 11103 26103
[3604] 63604
[3605]
[3606] 63606
[3607]
[3608]
[3609]
[3610] 48610 11110
[3611]
[3612]
[3613] 63613 93613
[3614] 78614
[3615]
[3616]
[3617] 78617 56117 78617
[3618]
[3619]
[3620]
[3621] 48621
[3622]
[3623] 93623 48623
[3624] 63624
[3625]
[3626] 71126
[3627]
[3628] 18628 63628
[3629] 11129 33629
[3630] 18630
[3631] 56131
[3632]
[3633] 78633
[3634]
[3635] 71135
[3636]
[3637] 56137
[3638]
[3639]
[3640]
[3641] 71141
[3642]
[3643] 93643 41143
[3644]
[3645]
[3646] 33646
[3647]
[3648]
[3649] 33649
[3650] 41150
[3651]
[3652] 63652
[3653] 63653
[3654] 26154 63654
[3655]
[3656]
[3657]
[3658]
[3659] 41159 33659 71159
[3660]
[3661] 63661
[3662] 41162 11162
[3663] 93663 93663
[3664] 86164
[3665] 78665
[3666] 26166
[3667]
[3668] 3668 93668
[3669]
[3670]
[3671]
[3672] 86172 78672
[3673] 3673
[3674]
[3675] 78675 26175
[3676] 86176
[3677] 63677
[3678]
[3679]
[3680] 71180 78680
[3681]
[3682] 63682 18682
[3683] 3683
[3684] 33684 86184
[3685] 93685
[3686]
[3687]
[3688]
[3689] 3689
[3690]
[3691]
[3692]
[3693] 93693
[3694] 48694 41194
[3695] 33695
[3696] 86196
[3697]
[3698] 78698
[3699]
[3700]
[3701] 86201
[3702]
[3703] 3703
[3704]
[3705]
[3706]
[3707]
[3708]
[3709]
[3710] 18710
[3711] 3711
[3712]
[3713]
[3714]
[3715] 93715 33715
[3716] 78716 93716
[3717]
[3718]
[3719] 78719
[3720]
[3721] 86221
[3722]
[3723]
[3724]
[3725]
[3726] 71226
[3727] 26227
[3728] 3728
[3729]
[3730]
[3731] 3731
[3732]
[3733]
[3734]
[3735] 56235
[3736]
[3737] 33737 78737
[3738]
[3739] 33739
[3740]
[3741]
[3742]
[3743] 3743
[3744] 3744
[3745]
[3746]
[3747]
[3748] 71248 71248
[3749]
[3750] 11250
[3751] 86251
[3752] 56252
[3753]
[3754]
[3755]
[3756]
[3757] 48757
[3758] 71258 33758
[3759] 33759 93759
[3760] 41260
[3761] 56261
[3762] 11262
[3763]
[3764]
[3765] 18765
[3766]
[3767] 41267
[3768] 48768
[3769] 48769 18769 86269
[3770]
[3771]
[3772] 56272
[3773] 78773 26273
[3774]
[3775] 93775
[3776] 78776
[3777] 86277 78777
[3778]
[3779]
[3780]
[3781]
[3782] 71282
[3783] 18783
[3784] 11284
[3785] 78785 63785
[3786] 63786
[3787] 93787
[3788]
[3789]
[3790]
[3791]
[3792]
[3793] 63793 41293
[3794] 41294
[3795]
[3796]
[3797] 48797 26297
[3798] 3798
[3799] 56299
[3800]
[3801] 48801
[3802]
[3803] 33803
[3804]
[3805]
[3806] 3806
[3807] 26307 71307
[3808]
[3809] 78809
[3810]
[3811]
[3812]
[3813]
[3814]
[3815] 33815
[3816]
[3817]
[3818]
[3819] 93819
[3820] 63820 78820
[3821]
[3822]
[3823] 86323
[3824] 11324
[3825] 26325 18825
[3826]
[3827]
[3828] 86328
[3829] 41329
[3830]
[3831] 71331 18831
[3832]
[3833]
[3834]
[3835]
[3836]
[3837]
[3838]
[3839] 63839
[3840] 48840
[3841] 63841
[3842] 41342
[3843]
[3844] 33844 48844
[3845]
[3846]
[3847] 33847
[3848]
[3849] 11349
[3850]
[3851]
[3852]
[3853]
[3854]
[3855]
[3856]
[3857] 86357
[3858]
[3859]
[3860]
[3861]
[3862] 18862 26362
[3863]
[3864]
[3865]
[3866]
[3867]
[3868]
[3869]
[3870] 3870
[3871]
[3872] 33872
[3873]
[3874]
[3875] 26375
[3876] 56376
[3877]
[3878] 48878 26378
[3879] 86379
[3880]
[3881] 41381 26381
[3882] 33882 78882
[3883]
[3884] 18884 56384
[3885]
[3886] 86386 78886 11386
[3887] 26387
[3888] 48888 48888
[3889]
[3890]
[3891] 93891
[3892]
[3893] 48893
[3894] 78894
[3895] 18895
[3896] 41396
[3897] 48897
[3898] 71398
[3899]
[3900] 18900
[3901]
[3902]
[3903]
[3904] 48904
[3905]
[3906] 63906 26406
[3907] 3907 26407
[3908]
[3909]
[3910] 33910
[3911]
[3912] 93912
[3913] 56413
[3914]
[3915]
[3916] 63916
[3917]
[3918] 33918
[3919] 41419 93919 48919
[3920] 48920
[3921] 33921
[3922]
[3923] 33923
[3924] 48924
[3925]
[3926] 63926
[3927]
[3928] 48928
[3929] 41429 33929 78929
[3930] 63930
[3931] 71431
[3932]
[3933] 71433
[3934]
[3935] 26435
[3936] 86436
[3937] 18937
[3938]
[3939]
[3940]
[3941] 41441
[3942] 86442 18942
[3943]
[3944]
[3945]
[3946]
[3947]
[3948]
[3949] 41449 56449 33949
[3950] 18950 26450
[3951] 63951
[3952]
[3953]
[3954] 33954 63954
[3955] 41455
[3956] 93956
[3957] 93957
[3958]
[3959] 41459
[3960] 41460
[3961]
[3962]
[3963]
[3964]
[3965] 63965 63965 26465
[3966] 86466
[3967] 86467
[3968]
[3969] 48969 33969 3969
[3970]
[3971]
[3972] 56472 41472
[3973]
[3974]
[3975] 48975 41475
[3976] 71476
[3977] 33977
[3978] 63978
[3979] 41479
[3980]
[3981] 71481 48981 18981
[3982] 11482
[3983]
[3984] 11484 48984
[3985] 41485
[3986] 26486
[3987]
[3988]
[3989]
[3990]
[3991]
[3992]
[3993]
[3994] 86494
[3995]
[3996]
[3997] 18997
[3998]
[3999]
[4000]
[4001] 94001
[4002] 79002
[4003]
[4004] 94004
[4005] 11505
[4006]
[4007]
[4008]
[4009]
[4010]
[4011]
[4012] 19012
[4013] 64013
[4014]
[4015]
[4016]
[4017]
[4018]
[4019]
[4020]
[4021] 11521
[4022]
[4023]
[4024]
[4025] 71525
[4026] 26526
[4027] 41527
[4028]
[4029]
[4030]
[4031] 56531 11531
[4032] 94032
[4033] 94033 86533
[4034]
[4035]
[4036]
[4037] 4037 41537
[4038]
[4039] 79039 49039 34039
[4040]
[4041]
[4042] 11542
[4043] 4043
[4044]
[4045] 64045
[4046] 41546 56546
[4047] 64047
[4048]
[4049]
[4050]
[4051]
[4052]
[4053]
[4054] 19054 26554 79054
[4055] 49055
[4056]
[4057]
[4058] 49058
[4059]
[4060]
[4061] 94061
[4062]
[4063]
[4064]
[4065]
[4066] 11566
[4067] 86567 56567
[4068]
[4069]
[4070] 79070
[4071] 49071
[4072] 79072 86572
[4073]
[4074] 34074
[4075] 56575 11575 19075
[4076] 49076
[4077] 19077
[4078]
[4079]
[4080] 41580 86580
[4081] 64081
[4082]
[4083]
[4084]
[4085] 11585 71585
[4086] 56586
[4087] 34087
[4088] 71588 79088 11588 41588
[4089] 34089
[4090] 41590
[4091] 19091 71591
[4092] 94092
[4093] 94093 71593
[4094] 79094
[4095]
[4096]
[4097]
[4098] 41598
[4099] 34099
[4100]
[4101]
[4102]
[4103] 64103
[4104]
[4105]
[4106]
[4107] 41607 41607
[4108] 19108
[4109]
[4110] 71610
[4111] 4111 19111
[4112] 26612 64112
[4113]
[4114] 41614 4114 71614
[4115]
[4116]
[4117]
[4118]
[4119] 94119 64119
[4120]
[4121] 26621 64121 26621
[4122]
[4123]
[4124] 19124 94124 71624
[4125]
[4126]
[4127] 86627 49127
[4128]
[4129] 49129
[4130]
[4131] 86631
[4132]
[4133] 79133
[4134]
[4135] 19135
[4136]
[4137] 86637
[4138] 71638
[4139] 86639
[4140]
[4141]
[4142] 19142 4142
[4143]
[4144]
[4145]
[4146] 19146
[4147]
[4148]
[4149]
[4150]
[4151] 41651
[4152] 19152
[4153] 56653
[4154] 34154 4154
[4155] 64155
[4156] 26656
[4157] 94157 41657
[4158]
[4159]
[4160]
[4161]
[4162] 26662
[4163] 49163 11663
[4164]
[4165] 4165 11665
[4166]
[4167]
[4168] 64168
[4169]
[4170] 79170
[4171] 86671
[4172]
[4173]
[4174]
[4175]
[4176]
[4177]
[4178]
[4179] 4179 34179
[4180] 71680 49180
[4181]
[4182]
[4183]
[4184] 49184 64184 41684
[4185]
[4186]
[4187] 41687
[4188]
[4189] 64189
[4190]
[4191]
[4192]
[4193]
[4194] 71694 71694 56694
[4195] 86695
[4196] 64196 26696
[4197]
[4198] 94198 64198
[4199]
[4200] 71700 11700
[4201]
[4202]
[4203] 56703
[4204] 49204
[4205]
[4206] 19206
[4207] 49207
[4208] 94208
[4209] 4209
[4210] 19210 56710 11710
[4211] 19211
[4212] 86712
[4213] 19213
[4214] 94214
[4215] 19215
[4216] 11716 11716
[4217]
[4218] 19218
[4219] 86719 71719
[4220] 34220
[4221] 49221
[4222]
[4223] 26723
[4224]
[4225]
[4226] 26726
[4227] 26727
[4228] 4228
[4229] 26729
[4230]
[4231]
[4232]
[4233]
[4234]
[4235] 64235
[4236] 79236
[4237] 4237
[4238]
[4239]
[4240] 41740
[4241]
[4242] 34242
[4243] 19243
[4244]
[4245]
[4246] 49246
[4247]
[4248]
[4249]
[4250] 26750
[4251]
[4252]
[4253] 11753
[4254] 79254 79254
[4255] 34255
[4256] 94256
[4257] 56757
[4258] 11758
[4259] 49259 94259
[4260]
[4261] 94261 79261
[4262] 86762 19262 86762
[4263] 56763
[4264]
[4265]
[4266] 4266 49266
[4267]
[4268]
[4269]
[4270]
[4271]
[4272]
[4273]
[4274]
[4275] 4275
[4276] 71776
[4277]
[4278]
[4279]
[4280]
[4281] 19281 34281 41781
[4282]
[4283]
[4284] 34284
[4285]
[4286]
[4287] 56787
[4288]
[4289] 19289 11789
[4290] 26790
[4291]
[4292] 94292
[4293] 11793
[4294]
[4295] 34295 4295
[4296] 26796
[4297] 4297
[4298] 64298 26798 34298 34298
[4299]
[4300]
[4301]
[4302]
[4303] 94303
[4304] 19304
[4305]
[4306]
[4307]
[4308] 34308 49308
[4309] 41809
[4310] 26810
[4311] 26811 4311
[4312]
[4313] 26813
[4314]
[4315]
[4316] 49316 11816
[4317]
[4318] 94318
[4319] 4319
[4320] 41820
[4321]
[4322]
[4323] 19323
[4324]
[4325] 71825
[4326]
[4327] 79327
[4328]
[4329]
[4330] 79330 64330
[4331]
[4332]
[4333]
[4334]
[4335]
[4336] 19336 41836
[4337] 49337
[4338]
[4339] 71839
[4340] 19340
[4341]
[4342]
[4343] 19343
[4344]
[4345]
[4346] 41846
[4347]
[4348]
[4349]
[4350] 4350
[4351]
[4352]
[4353] 64353
[4354] 94354 4354
[4355]
[4356] 71856 86856
[4357] 64357
[4358]
[4359]
[4360]
[4361] 49361 56861
[4362] 79362 19362
[4363]
[4364]
[4365]
[4366]
[4367] 49367 19367
[4368] 49368
[4369]
[4370]
[4371] 41871
[4372]
[4373] 79373
[4374]
[4375] 56875 26875
[4376] 19376
[4377]
[4378]
[4379] 94379
[4380]
[4381] 34381
[4382] 11882
[4383]
[4384]
[4385] 26885
[4386] 56886
[4387] 56887
[4388]
[4389] 26889 4389
[4390] 4390
[4391] 56891
[4392]
[4393] 26893
[4394] 79394 19394
[4395]
[4396]
[4397] 94397 19397
[4398]
[4399]
[4400]
[4401] 79401
[4402] 86902
[4403] 4403
[4404] 19404
[4405]
[4406] 26906 79406
[4407]
[4408]
[4409]
[4410]
[4411]
[4412] 19412
[4413]
[4414]
[4415]
[4416] 94416
[4417] 41917
[4418]
[4419] 79419 79419
[4420]
[4421]
[4422]
[4423] 41923
[4424]
[4425]
[4426]
[4427] 4427
[4428]
[4429]
[4430]
[4431] 34431
[4432] 11932 64432 4432
[4433]
[4434]
[4435]
[4436] 4436
[4437] 34437
[4438] 26938
[4439]
[4440] 26940
[4441]
[4442] 86942
[4443] 79443
[4444] 64444
[4445]
[4446] 26946
[4447] 49447
[4448]
[4449] 56949 71949
[4450]
[4451]
[4452] 64452
[4453] 64453
[4454] 11954
[4455] 86955
[4456] 86956
[4457] 41957 26957
[4458]
[4459] 86959
[4460] 49460 49460
[4461]
[4462]
[4463]
[4464]
[4465]
[4466] 26966 19466
[4467] 26967
[4468] 4468
[4469] 4469
[4470]
[4471] 79471
[4472]
[4473] 71973
[4474]
[4475]
[4476]
[4477] 19477
[4478]
[4479] 79479
[4480]
[4481] 71981
[4482]
[4483] 34483 49483
[4484] 71984
[4485]
[4486]
[4487] 34487 26987
[4488] 26988
[4489] 4489
[4490]
[4491] 4491 11991
[4492]
[4493] 49493 86993 26993 71993
[4494] 11994 11994
[4495]
[4496]
[4497]
[4498]
[4499] 94499
[4500] 94500
[4501]
[4502]
[4503] 42003
[4504] 19504 34504
[4505]
[4506]
[4507]
[4508] 4508
[4509] 12009
[4510] 34510 49510
[4511]
[4512] 49512
[4513]
[4514]
[4515]
[4516]
[4517] 64517 49517 79517
[4518] 87018 12018
[4519] 87019
[4520] 79520
[4521] 64521 12021
[4522] 34522
[4523] 64523
[4524] 87024
[4525]
[4526] 12026
[4527] 87027 64527
[4528] 87028 12028
[4529] 87029
[4530]
[4531] 34531
[4532] 64532
[4533]
[4534]
[4535]
[4536]
[4537]
[4538]
[4539] 4539
[4540]
[4541] 94541
[4542] 49542 64542
[4543] 27043
[4544]
[4545]
[4546]
[4547] 12047
[4548] 12048
[4549] 64549 94549
[4550] 79550
[4551]
[4552]
[4553] 27053
[4554]
[4555] 27055 49555
[4556] 19556 4556
[4557]
[4558]
[4559]
[4560]
[4561]
[4562] 19562
[4563] 49563
[4564]
[4565] 12065
[4566] 64566
[4567]
[4568] 64568 64568
[4569]
[4570]
[4571] 72071 79571
[4572]
[4573] 27073 34573 49573 72073
[4574] 87074 19574
[4575]
[4576] 87076
[4577]
[4578]
[4579]
[4580]
[4581] 49581
[4582] 57082
[4583]
[4584]
[4585]
[4586]
[4587] 12087 57087
[4588]
[4589]
[4590]
[4591]
[4592] 4592
[4593]
[4594]
[4595]
[4596] 87096
[4597] 57097
[4598]
[4599] 4599
[4600] 27100
[4601] 64601 87101 79601
[4602] 12102
[4603] 42103
[4604]
[4605] 87105
[4606]
[4607] 94607
[4608]
[4609] 42109
[4610] 87110 87110
[4611]
[4612] 72112 27112 34612
[4613] 42113
[4614] 94614
[4615] 4615
[4616]
[4617] 87117
[4618]
[4619] 4619
[4620] 72120
[4621] 27121
[4622] 19622
[4623]
[4624]
[4625]
[4626] 72126
[4627]
[4628] 72128
[4629]
[4630]
[4631] 79631 57131
[4632] 12132
[4633]
[4634] 72134
[4635]
[4636] 72136
[4637]
[4638]
[4639]
[4640] 34640
[4641] 64641 94641
[4642]
[4643]
[4644]
[4645] 64645 34645
[4646]
[4647] 4647
[4648]
[4649] 49649
[4650] 19650
[4651] 87151
[4652]
[4653]
[4654]
[4655]
[4656] 27156
[4657] 64657
[4658]
[4659]
[4660]
[4661]
[4662]
[4663] 49663
[4664]
[4665]
[4666] 72166
[4667]
[4668] 42168 87168
[4669]
[4670]
[4671]
[4672] 19672
[4673]
[4674]
[4675]
[4676] 94676
[4677]
[4678] 72178
[4679]
[4680]
[4681]
[4682]
[4683] 57183
[4684]
[4685]
[4686]
[4687] 19687
[4688]
[4689]
[4690] 4690
[4691]
[4692] 4692
[4693] 79693 12193
[4694]
[4695]
[4696] 34696
[4697] 57197 57197 49697
[4698] 12198
[4699]
[4700] 4700 4700
[4701]
[4702]
[4703] 19703
[4704] 87204 87204
[4705]
[4706] 94706
[4707]
[4708] 57208
[4709] 94709 34709
[4710]
[4711] 87211
[4712]
[4713] 64713 64713
[4714] 79714 94714
[4715]
[4716] 4716
[4717] 4717 72217 79717
[4718]
[4719]
[4720] 64720
[4721]
[4722]
[4723]
[4724] 42224
[4725] 27225 57225
[4726]
[4727]
[4728]
[4729] 57229
[4730] 27230
[4731] 79731 42231 94731 57231
[4732]
[4733] 49733 27233
[4734] 64734
[4735] 34735 72235
[4736] 34736 87236
[4737] 34737
[4738]
[4739]
[4740] 72240
[4741]
[4742] 64742 72242
[4743]
[4744] 57244
[4745]
[4746]
[4747] 72247
[4748] 57248
[4749]
[4750] 12250
[4751] 12251
[4752]
[4753]
[4754]
[4755] 87255
[4756]
[4757]
[4758]
[4759] 49759
[4760] 57260
[4761]
[4762]
[4763] 4763
[4764] 27264
[4765]
[4766] 42266
[4767] 49767
[4768]
[4769]
[4770] 12270
[4771] 34771
[4772] 19772
[4773] 34773
[4774] 72274
[4775] 57275
[4776]
[4777]
[4778]
[4779] 4779
[4780]
[4781]
[4782]
[4783] 94783
[4784]
[4785]
[4786] 4786
[4787]
[4788] 64788 94788 12288
[4789]
[4790]
[4791]
[4792]
[4793] 12293 87293
[4794] 19794 4794 94794 42294
[4795] 94795 57295 34795
[4796] 57296 72296
[4797] 19797
[4798]
[4799] 4799
[4800] 4800
[4801]
[4802]
[4803]
[4804] 94804
[4805] 57305 49805
[4806] 72306 72306
[4807] 94807
[4808]
[4809] 12309 87309
[4810]
[4811]
[4812] 64812
[4813] 12313 19813
[4814] 12314 57314
[4815]
[4816]
[4817] 19817
[4818] 4818 34818
[4819]
[4820]
[4821]
[4822] 27322
[4823]
[4824] 4824 94824
[4825]
[4826]
[4827]
[4828]
[4829]
[4830] 64830
[4831] 94831 19831
[4832]
[4833]
[4834]
[4835]
[4836]
[4837] 4837
[4838] 19838
[4839]
[4840] 57340
[4841] 12341
[4842] 49842
[4843]
[4844] 19844 64844 19844
[4845]
[4846]
[4847] 42347 94847
[4848] 64848
[4849]
[4850]
[4851]
[4852]
[4853] 87353
[4854]
[4855]
[4856]
[4857] 19857
[4858] 57358 19858
[4859]
[4860] 49860
[4861]
[4862]
[4863]
[4864] 79864 19864
[4865]
[4866] 72366
[4867]
[4868]
[4869]
[4870] 27370 12370
[4871]
[4872]
[4873] 64873
[4874]
[4875]
[4876] 34876
[4877]
[4878] 34878 27378
[4879]
[4880] 57380 4880
[4881] 49881
[4882]
[4883]
[4884] 72384 49884
[4885]
[4886]
[4887]
[4888]
[4889]
[4890]
[4891] 42391
[4892] 64892
[4893] 42393 72393
[4894] 57394 42394 87394
[4895] 49895
[4896]
[4897]
[4898]
[4899] 12399
[4900]
[4901]
[4902] 27402
[4903] 79903
[4904]
[4905] 87405
[4906]
[4907] 12407
[4908] 79908
[4909] 42409 94909 19909
[4910]
[4911]
[4912]
[4913] 49913
[4914]
[4915]
[4916] 79916 4916
[4917] 12417 42417
[4918]
[4919] 19919
[4920] 94920
[4921] 42421
[4922] 12422
[4923]
[4924]
[4925] 49925
[4926]
[4927]
[4928] 49928 12428
[4929] 64929
[4930] 57430
[4931] 57431
[4932] 4932
[4933] 64933 79933
[4934]
[4935]
[4936] 4936
[4937] 4937
[4938] 4938
[4939]
[4940]
[4941]
[4942]
[4943] 79943
[4944] 79944
[4945] 72445 12445
[4946] 94946
[4947]
[4948]
[4949] 64949 27449 64949
[4950]
[4951]
[4952]
[4953]
[4954]
[4955] 87455
[4956]
[4957] 12457
[4958]
[4959] 4959 34959
[4960]
[4961]
[4962] 4962
[4963] 64963
[4964] 27464 12464 49964
[4965]
[4966] 42466
[4967] 94967
[4968]
[4969] 72469 64969 27469
[4970]
[4971] 4971
[4972] 94972
[4973]
[4974] 79974
[4975]
[4976]
[4977]
[4978] 87478
[4979] 12479
[4980]
[4981] 4981
[4982] 49982
[4983] 87483
[4984] 57484 64984
[4985]
[4986] 57486 49986 34986
[4987] 27487 12487
[4988]
[4989] 19989
[4990]
[4991]
[4992] 12492
[4993]
[4994] 57494
[4995] 49995
[4996]
[4997] 57497
[4998]
[4999]
[5000]
[5001]
[5002]
[5003] 95003
[5004] 20004
[5005]
[5006]
[5007] 72507 95007 87507
[5008]
[5009] 12509 5009
[5010] 35010
[5011] 5011 42511
[5012]
[5013]
[5014] 12514
[5015] 5015 42515
[5016]
[5017] 95017
[5018] 27518 35018
[5019] 27519
[5020]
[5021] 95021 72521
[5022] 35022 5022 5022
[5023] 87523
[5024]
[5025]
[5026] 50026 57526 87526
[5027]
[5028]
[5029] 87529
[5030]
[5031] 12531
[5032] 5032
[5033] 12533 12533
[5034] 12534
[5035] 87535
[5036]
[5037] 20037
[5038] 65038
[5039]
[5040]
[5041]
[5042] 80042
[5043]
[5044] 65044
[5045] 80045
[5046]
[5047]
[5048] 50048 80048 50048
[5049]
[5050]
[5051] 35051
[5052] 42552
[5053] 72553 12553
[5054]
[5055] 35055
[5056]
[5057] 12557
[5058] 57558
[5059]
[5060] 42560
[5061]
[5062]
[5063] 72563
[5064] 50064
[5065]
[5066]
[5067] 57567
[5068] 12568
[5069]
[5070] 50070
[5071] 57571 12571
[5072]
[5073]
[5074] 5074 57574
[5075] 95075
[5076]
[5077] 72577
[5078]
[5079] 57579
[5080]
[5081]
[5082]
[5083]
[5084] 35084
[5085]
[5086] 5086 42586
[5087]
[5088]
[5089] 80089
[5090] 80090
[5091]
[5092]
[5093]
[5094] 35094 42594 5094
[5095]
[5096]
[5097] 95097 87597
[5098] 20098 35098
[5099]
[5100] 35100
[5101] 42601
[5102]
[5103] 50103 20103
[5104]
[5105] 35105
[5106]
[5107]
[5108] 35108
[5109]
[5110]
[5111]
[5112] 87612
[5113]
[5114] 87614 12614
[5115] 12615
[5116] 27616
[5117]
[5118] 95118
[5119]
[5120] 42620
[5121]
[5122] 35122
[5123] 27623
[5124]
[5125] 35125
[5126]
[5127]
[5128]
[5129] 42629
[5130] 87630
[5131]
[5132] 87632 95132 12632
[5133]
[5134] 35134 42634
[5135]
[5136]
[5137]
[5138]
[5139] 57639
[5140]
[5141] 12641
[5142] 50142
[5143]
[5144] 42644
[5145]
[5146]
[5147] 5147
[5148]
[5149]
[5150]
[5151] 42651 5151
[5152]
[5153] 87653
[5154]
[5155]
[5156]
[5157]
[5158]
[5159]
[5160] 95160 72660
[5161]
[5162] 87662
[5163] 57663 42663 72663
[5164]
[5165]
[5166] 12666
[5167] 80167 57667
[5168] 20168
[5169] 95169
[5170] 80170 42670
[5171]
[5172]
[5173] 87673
[5174]
[5175]
[5176]
[5177] 42677 80177
[5178] 72678
[5179] 87679
[5180]
[5181] 42681
[5182]
[5183] 12683 50183 65183
[5184]
[5185] 87685
[5186] 50186
[5187] 35187
[5188]
[5189] 27689
[5190] 12690 35190
[5191]
[5192]
[5193] 87693 80193 12693
[5194] 72694
[5195]
[5196]
[5197]
[5198]
[5199] 65199 12699
[5200] 95200 42700
[5201]
[5202]
[5203]
[5204] 20204
[5205] 72705 65205
[5206] 80206
[5207]
[5208] 72708
[5209]
[5210]
[5211] 65211 12711
[5212]
[5213]
[5214] 35214
[5215] 80215
[5216] 42716 95216 5216
[5217] 50217 80217
[5218] 87718
[5219] 50219
[5220]
[5221]
[5222] 5222
[5223]
[5224]
[5225] 80225
[5226] 20226
[5227]
[5228]
[5229] 42729
[5230]
[5231] 42731 72731
[5232] 27732 12732
[5233]
[5234]
[5235]
[5236]
[5237]
[5238]
[5239]
[5240] 12740
[5241] 50241 42741 20241 27741
[5242] 42742
[5243] 57743
[5244] 50244
[5245]
[5246] 5246
[5247] 65247
[5248]
[5249]
[5250] 20250
[5251]
[5252]
[5253]
[5254] 50254 80254
[5255]
[5256]
[5257]
[5258] 20258 50258
[5259] 20259
[5260]
[5261] 35261 42761
[5262] 72762
[5263] 35263
[5264] 5264
[5265]
[5266]
[5267]
[5268] 95268
[5269]
[5270]
[5271] 50271 72771
[5272] 87772
[5273]
[5274] 35274 27774 50274
[5275] 20275
[5276] 35276 72776
[5277] 50277
[5278] 35278
[5279]
[5280] 12780 95280
[5281]
[5282]
[5283]
[5284] 87784
[5285]
[5286] 35286
[5287]
[5288] 87788
[5289]
[5290]
[5291] 87791 95291
[5292]
[5293]
[5294] 35294
[5295]
[5296]
[5297]
[5298] 65298 20298
[5299]
[5300]
[5301] 42801
[5302]
[5303]
[5304]
[5305]
[5306]
[5307] 57807
[5308] 50308 27808 95308
[5309] 65309 35309 5309
[5310]
[5311]
[5312]
[5313] 87813
[5314] 95314
[5315] 20315
[5316] 65316 95316
[5317]
[5318]
[5319] 80319
[5320] 42820
[5321]
[5322]
[5323] 80323
[5324]
[5325]
[5326]
[5327]
[5328]
[5329]
[5330] 87830
[5331] 27831
[5332]
[5333]
[5334] 42834 95334
[5335]
[5336] 72836 87836
[5337]
[5338]
[5339]
[5340]
[5341]
[5342]
[5343]
[5344] 57844
[5345]
[5346]
[5347] 72847
[5348] 5348
[5349]
[5350] 80350
[5351] 87851
[5352]
[5353]
[5354]
[5355]
[5356] 72856 87856
[5357]
[5358] 42858
[5359]
[5360] 87860
[5361]
[5362]
[5363]
[5364] 57864
[5365] 5365
[5366] 57866
[5367]
[5368] 27868
[5369] 80369
[5370] 95370
[5371] 80371
[5372]
[5373] 35373
[5374]
[5375] 80375
[5376]
[5377] 5377
[5378]
[5379]
[5380]
[5381] 95381 20381
[5382] 5382
[5383] 20383
[5384] 72884
[5385]
[5386]
[5387] 57887 50387 50387
[5388]
[5389]
[5390]
[5391] 50391
[5392]
[5393] 80393
[5394] 50394 42894 95394
[5395]
[5396]
[5397] 87897
[5398] 57898
[5399]
[5400] 72900
[5401] 42901
[5402] 42902
[5403]
[5404]
[5405] 20405 72905
[5406] 87906
[5407] 72907
[5408]
[5409]
[5410] 50410
[5411]
[5412]
[5413]
[5414] 95414
[5415]
[5416]
[5417]
[5418]
[5419]
[5420]
[5421]
[5422]
[5423]
[5424] 72924
[5425] 95425
[5426] 95426
[5427]
[5428]
[5429] 5429 12929
[5430] 95430
[5431] 95431 80431
[5432]
[5433] 87933
[5434] 72934
[5435] 5435
[5436] 5436
[5437]
[5438] 80438 42938 80438
[5439]
[5440]
[5441]
[5442] 72942
[5443]
[5444] 35444 27944
[5445]
[5446] 42946
[5447] 5447 87947
[5448] 65448
[5449] 65449
[5450] 57950
[5451]
[5452] 80452
[5453]
[5454]
[5455]
[5456] 20456
[5457] 20457 5457 87957
[5458]
[5459] 95459
[5460]
[5461]
[5462] 80462
[5463] 65463
[5464]
[5465] 12965
[5466]
[5467]
[5468] 57968
[5469]
[5470]
[5471]
[5472]
[5473]
[5474]
[5475]
[5476] 35476 5476
[5477]
[5478]
[5479]
[5480]
[5481] 80481
[5482]
[5483]
[5484]
[5485]
[5486] 20486
[5487]
[5488]
[5489] 27989 65489 35489
[5490] 42990
[5491]
[5492]
[5493] 27993
[5494] 87994
[5495]
[5496] 72996
[5497]
[5498] 80498 20498
[5499] 57999 27999
[5500]
[5501] 43001
[5502] 50502
[5503] 35503
[5504] 58004
[5505] 13005
[5506]
[5507] 88007
[5508]
[5509]
[5510] 43010
[5511] 50511
[5512] 95512
[5513]
[5514]
[5515] 73015
[5516]
[5517] 5517
[5518]
[5519] 20519
[5520] 43020
[5521]
[5522] 73022
[5523]
[5524]
[5525] 20525
[5526] 20526 20526
[5527]
[5528]
[5529] 5529
[5530]
[5531] 43031 35531 95531
[5532] 35532
[5533] 35533
[5534]
[5535]
[5536] 13036
[5537]
[5538]
[5539]
[5540] 65540 5540
[5541] 80541
[5542] 35542
[5543] 50543 80543
[5544]
[5545] 73045
[5546]
[5547]
[5548]
[5549] 20549
[5550] 28050
[5551] 65551 13051
[5552] 5552
[5553]
[5554]
[5555] 95555 13055
[5556] 80556
[5557] 95557
[5558]
[5559]
[5560]
[5561] 5561
[5562]
[5563] 65563
[5564]
[5565] 58065
[5566] 95566 88066 65566
[5567] 20567
[5568]
[5569]
[5570] 43070
[5571]
[5572]
[5573]
[5574]
[5575]
[5576]
[5577]
[5578]
[5579]
[5580] 50580
[5581]
[5582] 58082
[5583]
[5584] 58084
[5585] 43085 65585
[5586] 20586 80586
[5587]
[5588]
[5589] 50589
[5590] 73090 58090
[5591]
[5592]
[5593]
[5594] 88094 65594 73094 58094
[5595] 50595
[5596] 65596
[5597]
[5598]
[5599]
[5600]
[5601] 50601
[5602]
[5603] 50603
[5604] 73104
[5605] 95605
[5606] 73106
[5607] 20607
[5608]
[5609] 73109 20609
[5610]
[5611] 5611
[5612] 5612
[5613]
[5614] 95614
[5615] 35615 95615
[5616] 80616 50616
[5617] 5617
[5618]
[5619] 88119 95619
[5620] 35620 80620
[5621]
[5622] 95622
[5623]
[5624] 65624
[5625]
[5626]
[5627] 35627 58127
[5628]
[5629] 88129
[5630] 88130 95630
[5631]
[5632]
[5633]
[5634]
[5635]
[5636]
[5637] 20637 88137
[5638] 65638
[5639]
[5640] 58140 5640 50640
[5641] 13141
[5642]
[5643]
[5644] 73144 28144
[5645]
[5646]
[5647] 58147
[5648] 58148 43148
[5649]
[5650] 50650 80650
[5651]
[5652]
[5653]
[5654]
[5655]
[5656] 80656
[5657]
[5658]
[5659] 43159 35659
[5660] 95660
[5661]
[5662] 5662
[5663]
[5664]
[5665] 28165
[5666]
[5667]
[5668] 88168
[5669]
[5670] 35670
[5671] 28171
[5672]
[5673] 13173 95673
[5674]
[5675] 28175
[5676]
[5677] 35677
[5678]
[5679]
[5680]
[5681]
[5682]
[5683]
[5684]
[5685] 95685
[5686]
[5687]
[5688]
[5689]
[5690]
[5691] 13191
[5692]
[5693]
[5694] 88194
[5695]
[5696] 95696
[5697] 43197 20697
[5698]
[5699]
[5700] 28200
[5701]
[5702]
[5703] 13203 73203
[5704] 20704
[5705]
[5706]
[5707] 73207
[5708]
[5709]
[5710]
[5711] 13211
[5712]
[5713]
[5714]
[5715] 88215
[5716]
[5717] 58217
[5718] 80718 20718
[5719] 43219
[5720] 28220 13220
[5721]
[5722] 58222
[5723]
[5724] 5724
[5725] 73225
[5726] 95726
[5727] 88227 88227
[5728]
[5729]
[5730]
[5731] 5731
[5732] 20732
[5733]
[5734] 20734
[5735]
[5736]
[5737] 28237
[5738]
[5739]
[5740]
[5741]
[5742] 65742
[5743]
[5744]
[5745] 58245
[5746]
[5747] 13247 65747 95747
[5748] 65748
[5749]
[5750]
[5751] 43251
[5752] 13252 28252
[5753] 58253
[5754]
[5755] 58255
[5756] 73256 65756 65756
[5757] 35757
[5758]
[5759]
[5760]
[5761]
[5762]
[5763]
[5764]
[5765]
[5766]
[5767]
[5768] 50768
[5769]
[5770] 95770
[5771] 43271 5771 5771
[5772]
[5773]
[5774] 35774
[5775]
[5776] 88276 65776
[5777]
[5778] 58278
[5779] 43279
[5780] 80780 35780
[5781] 20781
[5782] 28282
[5783] 58283
[5784]
[5785]
[5786] 73286
[5787] 20787 5787
[5788] 43288 50788 13288
[5789]
[5790]
[5791] 20791
[5792]
[5793]
[5794] 88294
[5795] 65795
[5796] 65796 80796
[5797]
[5798] 95798
[5799] 13299
[5800] 95800 43300
[5801]
[5802] 65802
[5803] 73303
[5804] 58304 73304
[5805]
[5806]
[5807] 50807 13307 43307
[5808] 20808
[5809]
[5810] 65810
[5811] 5811
[5812]
[5813]
[5814] 20814
[5815] 20815
[5816] 58316
[5817]
[5818]
[5819] 58319
[5820] 58320 50820
[5821] 5821
[5822]
[5823] 5823
[5824] 65824 20824
[5825]
[5826]
[5827] 28327 73327
[5828]
[5829]
[5830]
[5831]
[5832]
[5833]
[5834]
[5835] 13335 65835
[5836] 43336
[5837] 13337 88337
[5838] 80838
[5839] 73339
[5840]
[5841] 20841
[5842]
[5843]
[5844]
[5845]
[5846]
[5847] 43347 80847
[5848] 58348
[5849]
[5850] 13350
[5851] 58351
[5852]
[5853]
[5854]
[5855]
[5856] 43356
[5857]
[5858] 35858 20858 95858
[5859]
[5860] 35860
[5861] 95861 20861
[5862]
[5863] 50863
[5864] 58364 28364
[5865]
[5866] 35866 88366
[5867] 43367 35867
[5868]
[5869]
[5870]
[5871] 58371
[5872]
[5873] 65873
[5874] 88374 88374
[5875]
[5876]
[5877]
[5878] 73378
[5879]
[5880]
[5881] 65881
[5882] 5882
[5883]
[5884]
[5885]
[5886]
[5887]
[5888]
[5889] 95889
[5890] 80890 35890
[5891] 5891 13391
[5892] 88392
[5893]
[5894] 20894
[5895] 88395
[5896]
[5897]
[5898] 58398
[5899] 80899
[5900] 80900 43400 95900 73400
[5901] 50901 13401
[5902] 20902 58402
[5903] 35903 35903
[5904] 20904 20904
[5905] 28405
[5906] 5906 73406
[5907]
[5908] 13408
[5909] 28409
[5910] 95910 20910
[5911] 20911
[5912] 73412 50912
[5913] 35913
[5914]
[5915]
[5916] 65916
[5917]
[5918]
[5919]
[5920] 35920
[5921]
[5922] 65922
[5923]
[5924] 58424 73424
[5925]
[5926]
[5927] 58427
[5928] 43428
[5929]
[5930] 28430
[5931] 50931
[5932]
[5933]
[5934] 20934 73434
[5935] 28435 43435
[5936] 65936 50936
[5937] 20937
[5938] 80938
[5939]
[5940]
[5941]
[5942]
[5943]
[5944]
[5945] 35945 5945
[5946]
[5947]
[5948]
[5949] 35949
[5950] 80950 28450
[5951]
[5952]
[5953]
[5954] 73454
[5955] 58455
[5956] 28456
[5957]
[5958]
[5959]
[5960]
[5961]
[5962] 65962
[5963] 88463
[5964] 13464
[5965]
[5966] 95966
[5967]
[5968]
[5969]
[5970]
[5971]
[5972] 88472 73472
[5973]
[5974] 13474
[5975]
[5976] 65976 73476
[5977] 5977 43477
[5978]
[5979] 13479
[5980] 20980
[5981] 35981
[5982]
[5983]
[5984] 50984
[5985] 58485
[5986]
[5987]
[5988]
[5989]
[5990]
[5991] 95991
[5992]
[5993] 43493
[5994] 95994
[5995] 95995 58495
[5996] 73496 5996
[5997] 80997
[5998]
[5999] 95999 13499 88499
[6000] 66000 96000
[6001]
[6002]
[6003]
[6004] 13504
[6005] 81005
[6006] 6006
[6007]
[6008] 13508 51008
[6009]
[6010] 88510
[6011]
[6012]
[6013]
[6014]
[6015] 88515
[6016]
[6017] 36017 58517
[6018]
[6019]
[6020] 43520
[6021]
[6022]
[6023] 43523
[6024]
[6025]
[6026]
[6027]
[6028] 43528
[6029] 36029 51029 36029
[6030] 28530
[6031] 88531
[6032] 96032 43532
[6033] 28533 21033
[6034] 81034
[6035] 81035
[6036] 13536 96036
[6037]
[6038] 43538 13538
[6039] 6039
[6040]
[6041]
[6042] 81042 73542 73542
[6043] 58543
[6044]
[6045]
[6046]
[6047]
[6048] 58548 96048
[6049]
[6050]
[6051] 58551 81051
[6052] 58552
[6053] 6053
[6054] 43554
[6055]
[6056]
[6057]
[6058]
[6059] 6059
[6060]
[6061] 66061 28561
[6062]
[6063] 6063 73563 43563
[6064] 88564
[6065]
[6066] 88566
[6067] 6067
[6068]
[6069] 58569
[6070] 51070 96070
[6071]
[6072]
[6073]
[6074]
[6075] 88575
[6076]
[6077]
[6078]
[6079] 21079
[6080] 28580 43580
[6081] 73581
[6082]
[6083]
[6084] 73584 81084
[6085]
[6086]
[6087] 58587
[6088] 36088
[6089]
[6090]
[6091]
[6092] 96092
[6093] 21093 6093
[6094]
[6095] 88595
[6096]
[6097]
[6098] 73598
[6099]
[6100]
[6101]
[6102] 13602
[6103]
[6104]
[6105] 73605
[6106] 21106
[6107] 21107
[6108]
[6109] 88609
[6110] 58610 81110 66110
[6111]
[6112] 81112
[6113]
[6114] 21114
[6115] 58615 28615
[6116]
[6117] 43617
[6118] 66118 88618
[6119] 43619 58619
[6120]
[6121] 13621
[6122]
[6123]
[6124] 88624
[6125]
[6126] 36126 73626
[6127] 43627 36127
[6128] 66128
[6129]
[6130] 43630
[6131]
[6132]
[6133]
[6134]
[6135] 88635
[6136] 6136
[6137]
[6138] 21138
[6139]
[6140]
[6141] 73641
[6142] 81142
[6143]
[6144]
[6145]
[6146]
[6147] 6147
[6148]
[6149]
[6150] 51150
[6151]
[6152] 66152
[6153] 13653
[6154]
[6155]
[6156]
[6157]
[6158]
[6159] 73659
[6160] 88660
[6161] 43661
[6162]
[6163] 6163
[6164] 96164 66164
[6165] 21165
[6166] 28666
[6167] 28667 51167
[6168]
[6169] 13669
[6170]
[6171]
[6172] 51172
[6173]
[6174]
[6175]
[6176]
[6177]
[6178]
[6179]
[6180] 13680 88680
[6181] 81181
[6182] 66182
[6183] 43683
[6184]
[6185]
[6186]
[6187] 13687
[6188] 43688
[6189]
[6190] 88690
[6191] 36191 36191 43691
[6192]
[6193] 73693
[6194]
[6195] 21195 73695
[6196] 73696 51196
[6197] 96197
[6198]
[6199]
[6200]
[6201]
[6202]
[6203] 21203 58703
[6204] 43704 6204
[6205]
[6206]
[6207] 21207
[6208]
[6209] 81209
[6210]
[6211] 58711
[6212]
[6213] 28713
[6214] 21214 58714 88714
[6215]
[6216]
[6217]
[6218]
[6219]
[6220]
[6221]
[6222] 36222 96222
[6223] 66223
[6224] 13724
[6225] 28725
[6226] 43726
[6227] 6227
[6228]
[6229] 96229 51229
[6230] 73730
[6231] 13731 81231
[6232]
[6233]
[6234] 66234
[6235] 81235 81235
[6236]
[6237] 28737
[6238] 43738
[6239]
[6240]
[6241] 73741 21241
[6242]
[6243] 21243
[6244]
[6245]
[6246] 36246
[6247]
[6248] 66248 21248 58748
[6249] 96249
[6250]
[6251] 13751
[6252] 88752
[6253] 28753
[6254]
[6255] 58755
[6256]
[6257]
[6258]
[6259]
[6260] 51260 13760 36260
[6261] 81261
[6262]
[6263]
[6264]
[6265] 28765 43765
[6266] 6266
[6267] 6267
[6268]
[6269]
[6270]
[6271] 28771 13771
[6272]
[6273] 43773
[6274] 58774
[6275]
[6276] 73776 73776 6276
[6277] 28777
[6278] 88778
[6279] 13779 96279
[6280] 81280 73780
[6281]
[6282]
[6283]
[6284]
[6285]
[6286] 28786
[6287]
[6288]
[6289]
[6290] 13790 58790
[6291] 28791
[6292]
[6293]
[6294]
[6295]
[6296] 81296
[6297] 58797
[6298]
[6299]
[6300] 28800
[6301]
[6302] 88802 66302
[6303] 73803 21303
[6304]
[6305] 66305
[6306]
[6307]
[6308] 36308
[6309] 43809
[6310]
[6311]
[6312]
[6313] 51313
[6314] 28814
[6315]
[6316]
[6317]
[6318] 88818
[6319] 36319 13819
[6320] 51320
[6321] 88821
[6322] 6322 81322
[6323] 43823
[6324] 51324
[6325] 43825 43825
[6326] 81326
[6327] 6327
[6328] 88828
[6329] 28829 43829 81329 28829
[6330]
[6331]
[6332]
[6333] 73833 81333
[6334] 73834 43834
[6335]
[6336]
[6337]
[6338]
[6339]
[6340]
[6341] 13841
[6342] 51342 51342
[6343] 43843 13843 13843 21343
[6344] 66344 88844
[6345]
[6346]
[6347]
[6348]
[6349] 28849
[6350] 66350 43850
[6351]
[6352] 28852
[6353] 58853 43853
[6354]
[6355]
[6356] 81356
[6357]
[6358] 51358
[6359] 88859
[6360]
[6361]
[6362]
[6363]
[6364] 88864 28864
[6365]
[6366]
[6367] 73867
[6368] 58868 81368 43868
[6369]
[6370]
[6371]
[6372] 58872
[6373] 73873
[6374]
[6375]
[6376]
[6377]
[6378]
[6379]
[6380]
[6381]
[6382] 81382 88882
[6383]
[6384] 36384
[6385]
[6386] 36386 58886
[6387] 66387
[6388] 81388
[6389]
[6390] 73890
[6391] 51391
[6392] 88892 81392
[6393]
[6394] 66394
[6395]
[6396] 13896
[6397] 36397
[6398]
[6399] 28899
[6400]
[6401]
[6402]
[6403]
[6404] 13904 6404
[6405] 6405
[6406] 88906 6406
[6407] 51407
[6408] 6408
[6409] 43909
[6410]
[6411]
[6412]
[6413]
[6414]
[6415] 13915
[6416]
[6417] 36417
[6418]
[6419]
[6420] 51420
[6421] 96421 28921 88921 28921
[6422]
[6423] 81423
[6424]
[6425] 28925
[6426]
[6427] 6427 81427
[6428] 73928
[6429]
[6430]
[6431] 88931 28931 58931
[6432]
[6433] 21433
[6434]
[6435] 13935
[6436]
[6437]
[6438] 81438
[6439]
[6440]
[6441]
[6442] 21442
[6443] 6443
[6444]
[6445] 13945 28945
[6446]
[6447]
[6448]
[6449] 13949
[6450] 36450
[6451]
[6452]
[6453] 51453
[6454]
[6455]
[6456]
[6457]
[6458]
[6459] 96459 88959
[6460] 43960
[6461]
[6462]
[6463]
[6464] 28964 28964
[6465]
[6466] 6466
[6467] 66467
[6468]
[6469]
[6470]
[6471]
[6472] 51472 36472 28972
[6473]
[6474]
[6475] 88975
[6476]
[6477] 21477
[6478]
[6479]
[6480] 73980
[6481]
[6482] 73982
[6483]
[6484] 6484
[6485]
[6486] 6486
[6487]
[6488]
[6489]
[6490]
[6491]
[6492] 96492
[6493]
[6494] 58994 13994
[6495] 88995 13995 81495 21495
[6496]
[6497]
[6498]
[6499] 73999
[6500] 96500
[6501]
[6502]
[6503]
[6504]
[6505]
[6506] 14006
[6507] 14007 66507 6507
[6508] 81508
[6509]
[6510]
[6511]
[6512]
[6513]
[6514]
[6515]
[6516]
[6517] 96517
[6518]
[6519]
[6520]
[6521] 74021
[6522] 81522
[6523] 81523
[6524] 96524
[6525]
[6526]
[6527]
[6528]
[6529]
[6530] 59030 21530
[6531] 66531
[6532] 51532
[6533]
[6534] 14034
[6535] 29035
[6536] 6536
[6537] 14037
[6538]
[6539] 59039
[6540]
[6541]
[6542] 36542 74042 36542
[6543] 14043
[6544]
[6545]
[6546]
[6547] 29047
[6548]
[6549]
[6550] 44050
[6551]
[6552] 14052 14052
[6553] 59053 89053
[6554]
[6555] 74055 96555
[6556]
[6557] 29057 81557
[6558]
[6559]
[6560]
[6561] 96561
[6562]
[6563]
[6564] 66564
[6565] 96565 51565
[6566] 29066 14066 96566
[6567]
[6568] 6568
[6569]
[6570] 51570 96570
[6571] 36571
[6572]
[6573] 29073 29073
[6574] 14074 51574 59074
[6575]
[6576]
[6577]
[6578] 6578
[6579]
[6580] 74080
[6581] 51581 44081
[6582] 89082 59082
[6583]
[6584]
[6585] 96585
[6586]
[6587]
[6588]
[6589]
[6590]
[6591]
[6592]
[6593]
[6594] 74094 59094
[6595]
[6596] 96596
[6597] 89097
[6598]
[6599] 36599 66599
[6600] 59100
[6601]
[6602]
[6603] 66603 21603
[6604]
[6605] 66605 59105
[6606]
[6607]
[6608] 66608
[6609]
[6610]
[6611] 21611
[6612] 51612
[6613]
[6614]
[6615] 6615 6615
[6616]
[6617]
[6618]
[6619] 96619
[6620]
[6621] 59121
[6622]
[6623]
[6624]
[6625]
[6626] 14126 51626 6626
[6627]
[6628] 89128
[6629]
[6630] 44130
[6631]
[6632]
[6633]
[6634]
[6635] 6635
[6636] 6636 6636
[6637] 44137
[6638] 59138 36638 96638
[6639]
[6640] 51640 14140
[6641] 44141 51641
[6642]
[6643] 21643
[6644]
[6645] 66645
[6646] 21646 36646
[6647]
[6648]
[6649]
[6650]
[6651] 36651
[6652] 96652
[6653]
[6654] 59154
[6655]
[6656]
[6657] 6657
[6658]
[6659] 29159
[6660]
[6661]
[6662]
[6663] 44163
[6664] 51664
[6665]
[6666]
[6667] 89167 81667 89167
[6668] 96668
[6669]
[6670]
[6671]
[6672] 96672
[6673]
[6674] 96674
[6675]
[6676]
[6677]
[6678]
[6679] 81679 96679
[6680]
[6681] 74181 66681
[6682]
[6683]
[6684] 89184
[6685]
[6686]
[6687]
[6688] 14188 96688
[6689] 74189
[6690]
[6691]
[6692] 51692
[6693] 89193
[6694] 96694
[6695]
[6696]
[6697]
[6698]
[6699]
[6700]
[6701]
[6702] 96702
[6703]
[6704] 51704
[6705]
[6706] 36706
[6707]
[6708]
[6709] 36709
[6710]
[6711] 36711
[6712] 21712 36712
[6713]
[6714]
[6715]
[6716]
[6717]
[6718] 36718
[6719]
[6720]
[6721]
[6722] 89222
[6723]
[6724] 51724
[6725]
[6726]
[6727]
[6728] 89228 14228
[6729]
[6730]
[6731] 29231
[6732] 96732
[6733] 74233
[6734]
[6735]
[6736]
[6737] 21737 51737
[6738]
[6739] 51739
[6740] 81740 21740
[6741] 44241
[6742] 29242
[6743]
[6744]
[6745]
[6746] 6746
[6747]
[6748]
[6749] 14249
[6750]
[6751]
[6752] 14252 96752
[6753] 66753
[6754]
[6755]
[6756]
[6757]
[6758]
[6759] 44259
[6760] 29260 29260
[6761] 36761 74261
[6762]
[6763]
[6764]
[6765]
[6766]
[6767]
[6768] 6768 74268
[6769] 81769
[6770]
[6771]
[6772]
[6773]
[6774] 81774
[6775]
[6776] 44276 89276
[6777]
[6778]
[6779]
[6780] 66780
[6781]
[6782] 29282 51782
[6783]
[6784]
[6785] 21785
[6786]
[6787]
[6788]
[6789]
[6790] 36790
[6791]
[6792]
[6793] 21793
[6794]
[6795]
[6796]
[6797]
[6798]
[6799] 29299
[6800] 36800 51800 89300
[6801]
[6802]
[6803] 74303 51803
[6804]
[6805]
[6806]
[6807] 44307 21807
[6808] 96808 6808
[6809]
[6810] 74310
[6811]
[6812]
[6813]
[6814]
[6815] 96815
[6816]
[6817] 21817
[6818] 6818
[6819]
[6820] 51820 66820
[6821] 44321
[6822] 14322
[6823]
[6824]
[6825] 44325
[6826]
[6827] 44327
[6828]
[6829]
[6830] 81830 29330
[6831] 6831 81831
[6832] 81832
[6833] 36833
[6834] 59334
[6835] 14335
[6836] 6836
[6837] 96837 51837
[6838] 36838 6838
[6839] 44339
[6840] 51840
[6841] 89341 66841 6841 29341
[6842]
[6843]
[6844] 44344
[6845]
[6846]
[6847]
[6848]
[6849]
[6850] 36850 44350
[6851]
[6852]
[6853]
[6854] 36854 74354
[6855]
[6856]
[6857] 81857 29357
[6858] 89358 6858 74358
[6859]
[6860] 44360
[6861] 44361
[6862] 29362 66862
[6863]
[6864]
[6865]
[6866] 74366
[6867] 66867 89367
[6868]
[6869] 96869
[6870]
[6871] 29371
[6872]
[6873] 44373
[6874]
[6875] 66875
[6876] 59376
[6877] 81877 44377
[6878] 59378
[6879]
[6880]
[6881] 21881 89381
[6882] 44382 44382
[6883]
[6884]
[6885] 6885
[6886] 44386
[6887]
[6888] 21888
[6889] 59389
[6890] 44390
[6891]
[6892]
[6893]
[6894]
[6895] 36895
[6896]
[6897]
[6898] 36898
[6899]
[6900] 89400
[6901] 21901 36901 14401
[6902] 59402
[6903]
[6904] 96904 21904
[6905]
[6906]
[6907]
[6908] 21908
[6909] 29409
[6910]
[6911]
[6912] 44412
[6913] 74413
[6914] 29414
[6915]
[6916]
[6917]
[6918] 36918
[6919]
[6920] 44420
[6921] 14421
[6922]
[6923] 21923 89423
[6924]
[6925] 89425 14425
[6926]
[6927]
[6928]
[6929] 89429
[6930]
[6931] 14431
[6932] 51932 6932
[6933]
[6934] 89434
[6935] 14435
[6936] 66936
[6937] 59437
[6938] 6938
[6939] 51939
[6940] 89440 51940
[6941]
[6942]
[6943]
[6944] 96944
[6945] 74445
[6946]
[6947] 66947
[6948] 59448
[6949]
[6950] 89450 29450
[6951]
[6952]
[6953]
[6954]
[6955] 96955 14455
[6956] 51956
[6957] 96957
[6958]
[6959] 6959
[6960]
[6961]
[6962]
[6963]
[6964]
[6965]
[6966] 14466
[6967] 21967
[6968]
[6969]
[6970] 74470
[6971]
[6972] 96972 6972
[6973] 36973
[6974] 66974
[6975] 59475
[6976]
[6977] 96977
[6978] 96978
[6979]
[6980]
[6981] 66981 36981
[6982]
[6983] 51983
[6984]
[6985]
[6986]
[6987] 14487
[6988] 74488
[6989] 51989 6989
[6990] 51990
[6991]
[6992] 14492
[6993]
[6994]
[6995]
[6996] 44496
[6997]
[6998] 21998
[6999]
[7000]
[7001] 37001
[7002]
[7003]
[7004] 67004
[7005] 7005 67005 29505
[7006]
[7007] 67007
[7008] 74508
[7009]
[7010] 89510 59510
[7011] 82011
[7012] 74512
[7013] 44513
[7014] 59514
[7015]
[7016] 97016 89516
[7017]
[7018]
[7019] 44519
[7020] 97020 14520
[7021] 82021
[7022] 22022
[7023] 82023
[7024] 97024
[7025]
[7026]
[7027] 52027
[7028]
[7029]
[7030]
[7031] 14531 7031
[7032]
[7033] 37033 52033
[7034]
[7035]
[7036] 89536
[7037]
[7038]
[7039]
[7040] 52040
[7041] 97041 74541
[7042] 59542 37042
[7043] 67043
[7044] 74544
[7045] 89545
[7046]
[7047]
[7048] 67048
[7049]
[7050]
[7051] 14551
[7052] 82052
[7053] 97053 82053
[7054]
[7055]
[7056]
[7057] 74557
[7058]
[7059] 74559
[7060]
[7061]
[7062]
[7063]
[7064] 22064 82064
[7065] 67065
[7066]
[7067] 59567
[7068] 59568
[7069] 29569 44569 59569
[7070]
[7071] 37071
[7072] 29572 67072
[7073] 67073 89573
[7074]
[7075]
[7076]
[7077]
[7078] 59578
[7079]
[7080]
[7081] 14581
[7082]
[7083] 59583
[7084] 74584
[7085]
[7086] 22086
[7087]
[7088] 74588
[7089]
[7090]
[7091]
[7092] 67092
[7093]
[7094]
[7095]
[7096] 29596
[7097] 59597 82097 89597
[7098]
[7099] 44599
[7100] 52100
[7101]
[7102] 97102 7102 7102
[7103] 14603
[7104]
[7105]
[7106] 22106
[7107] 97107
[7108] 7108
[7109] 7109
[7110] 44610
[7111]
[7112] 82112 29612
[7113]
[7114]
[7115]
[7116] 52116 89616
[7117]
[7118] 89618 37118
[7119]
[7120]
[7121] 59621
[7122]
[7123]
[7124] 89624 82124 37124
[7125]
[7126] 7126
[7127]
[7128]
[7129] 37129 29629
[7130]
[7131]
[7132] 67132 37132
[7133]
[7134]
[7135] 7135
[7136] 44636
[7137] 37137 97137 67137
[7138]
[7139] 82139
[7140] 67140
[7141]
[7142] 7142
[7143]
[7144] 82144 37144
[7145] 89645
[7146]
[7147]
[7148] 44648 7148
[7149]
[7150] 74650
[7151] 89651
[7152]
[7153] 74653
[7154] 52154
[7155] 67155
[7156] 67156
[7157] 97157
[7158]
[7159]
[7160] 59660
[7161] 52161
[7162] 82162 52162
[7163]
[7164]
[7165] 59665
[7166]
[7167]
[7168]
[7169]
[7170]
[7171] 14671 52171
[7172] 89672 29672
[7173]
[7174]
[7175]
[7176] 22176 14676 82176 29676
[7177]
[7178] 74678
[7179]
[7180]
[7181] 89681
[7182]
[7183] 7183
[7184]
[7185]
[7186]
[7187]
[7188] 29688
[7189] 7189
[7190] 67190
[7191]
[7192] 67192
[7193] 67193
[7194] 89694
[7195]
[7196]
[7197]
[7198]
[7199] 14699
[7200] 44700
[7201] 44701 74701 89701
[7202]
[7203]
[7204] 22204
[7205]
[7206] 44706 44706
[7207]
[7208]
[7209] 89709
[7210] 44710
[7211]
[7212] 44712
[7213]
[7214]
[7215]
[7216]
[7217]
[7218]
[7219] 37219
[7220] 97220
[7221]
[7222]
[7223]
[7224]
[7225] 89725
[7226] 59726
[7227]
[7228]
[7229] 7229
[7230]
[7231] 67231
[7232]
[7233]
[7234] 22234 52234
[7235]
[7236]
[7237]
[7238]
[7239] 22239
[7240]
[7241] 37241
[7242]
[7243]
[7244]
[7245] 37245
[7246] 7246
[7247] 89747
[7248]
[7249] 44749
[7250] 67250
[7251]
[7252]
[7253]
[7254] 97254
[7255]
[7256]
[7257]
[7258]
[7259] 74759
[7260] 89760
[7261]
[7262] 82262
[7263]
[7264] 59764
[7265] 82265
[7266]
[7267] 97267
[7268]
[7269]
[7270]
[7271]
[7272]
[7273]
[7274]
[7275] 59775 89775
[7276] 59776 89776
[7277] 14777
[7278] 59778
[7279] 52279
[7280] 14780
[7281] 22281 74781
[7282] 59782 52282
[7283] 59783
[7284]
[7285] 59785
[7286]
[7287] 52287
[7288]
[7289]
[7290]
[7291] 7291
[7292] 97292
[7293]
[7294] 89794 7294 82294
[7295]
[7296]
[7297]
[7298]
[7299] 82299 22299
[7300] 67300
[7301] 29801
[7302]
[7303]
[7304]
[7305]
[7306] 52306
[7307]
[7308]
[7309]
[7310]
[7311] 89811
[7312] 44812 82312
[7313] 67313
[7314]
[7315] 67315 44815
[7316] 7316
[7317]
[7318]
[7319] 67319
[7320] 97320
[7321] 29821
[7322]
[7323]
[7324]
[7325] 97325
[7326]
[7327]
[7328]
[7329]
[7330]
[7331]
[7332] 44832
[7333] 52333
[7334]
[7335]
[7336] 59836
[7337]
[7338] 22338
[7339] 97339
[7340] 29840 29840
[7341]
[7342]
[7343]
[7344]
[7345]
[7346] 89846 37346 14846
[7347] 29847
[7348]
[7349]
[7350]
[7351] 74851 52351
[7352]
[7353]
[7354]
[7355]
[7356]
[7357] 7357
[7358] 89858
[7359]
[7360]
[7361]
[7362]
[7363] 82363 37363
[7364] 52364
[7365] 37365
[7366] 74866
[7367]
[7368] 97368
[7369]
[7370]
[7371] 14871
[7372] 74872
[7373]
[7374] 82374 14874 14874 37374
[7375] 82375
[7376] 97376
[7377] 67377
[7378]
[7379]
[7380] 37380
[7381]
[7382]
[7383]
[7384]
[7385] 52385
[7386] 52386
[7387]
[7388]
[7389]
[7390]
[7391] 29891
[7392] 82392
[7393] 59893 7393
[7394] 59894 67394
[7395] 82395
[7396]
[7397] 22397
[7398]
[7399] 89899 67399
[7400] 29900
[7401]
[7402] 14902 59902 82402
[7403]
[7404]
[7405]
[7406]
[7407]
[7408]
[7409]
[7410]
[7411]
[7412] 44912
[7413] 82413
[7414] 14914 22414
[7415]
[7416]
[7417] 29917
[7418] 7418 52418
[7419]
[7420]
[7421]
[7422]
[7423]
[7424] 14924
[7425]
[7426]
[7427]
[7428] 97428
[7429] 52429
[7430] 82430
[7431]
[7432] 52432 89932
[7433]
[7434]
[7435] 59935
[7436] 97436
[7437] 22437
[7438]
[7439] 14939 44939 52439
[7440] 44940
[7441] 22441 7441 14941
[7442] 89942
[7443]
[7444]
[7445]
[7446] 7446 37446 29946
[7447] 97447
[7448]
[7449] 82449
[7450]
[7451]
[7452] 59952
[7453] 29953
[7454]
[7455]
[7456]
[7457]
[7458]
[7459]
[7460]
[7461] 74961 7461
[7462]
[7463]
[7464] 37464
[7465]
[7466]
[7467]
[7468] 52468 29968
[7469] 89969
[7470]
[7471]
[7472] 37472
[7473] 59973 44973
[7474] 59974
[7475]
[7476] 37476
[7477] 67477 52477
[7478] 82478
[7479]
[7480]
[7481]
[7482] 59982
[7483]
[7484] 82484
[7485]
[7486] 74986
[7487] 97487
[7488] 67488 52488 97488
[7489] 52489
[7490]
[7491] 67491
[7492]
[7493]
[7494] 22494
[7495] 52495 59995
[7496]
[7497] 7497
[7498]
[7499] 52499
