Selecciona l'entrada [1], [2], [3], [4] o [5].
Selecciona la cerca [B]inary, [H]ash o [BL]oom.
Selecciona la tècnica [O]pen o [C]hain.
Selecciona la funció [L]inear, [Q]uadratic, [D]ouble o [C]uckoo.
#### INFORMACIÓ ####
Cerca: HASH
Tècnica: OPEN
Funció: CUCKOO
Ocupació: 31.6333%
Var. passos: 13
#### INSERCIÓ ####
Mida: 1000
Salts: 505
Errors: 51
Temps: 0.035
#### CERCA ####
Mida: 2000
Salts: 0
Errors: 0
Temps total: 1.59
Temps trobats: 0.066
Temps no trobats: 0.738
#### RESULTAT ####
Trobats: 167
No trobats: 1833
#### TAULA RESULTANT 1 ####
[0] 4500       [1] 9001       [2] 3002       [3]            [4]            
[5] 9005       [6] 7506       [7]            [8]            [9]            
[10] 1510      [11] 1511      [12]           [13] 6013      [14] 7514      
[15] 3015      [16]           [17] 4517      [18]           [19]           
[20] 1520      [21] 7521      [22] 4522      [23]           [24] 24        
[25] 4525      [26] 1526      [27]           [28] 1528      [29]           
[30]           [31]           [32]           [33] 6033      [34]           
[35]           [36] 3036      [37] 1537      [38]           [39]           
[40] 1540      [41]           [42]           [43] 1543      [44]           
[45] 7545      [46] 3046      [47] 3047      [48]           [49]           
[50] 9050      [51] 51        [52]           [53]           [54] 9054      
[55] 3055      [56] 4556      [57]           [58]           [59] 3059      
[60]           [61] 6061      [62] 7562      [63]           [64]           
[65] 1565      [66] 7566      [67]           [68]           [69] 4569      
[70]           [71]           [72]           [73]           [74]           
[75]           [76]           [77] 3077      [78]           [79]           
[80]           [81]           [82] 1582      [83]           [84]           
[85] 3085      [86] 3086      [87] 7587      [88] 3088      [89] 4589      
[90]           [91] 1591      [92]           [93] 4593      [94] 9094      
[95] 4595      [96] 4596      [97]           [98]           [99]           
[100] 3100     [101]          [102]          [103] 103      [104]          
[105]          [106] 4606     [107]          [108]          [109]          
[110]          [111]          [112]          [113] 6113     [114]          
[115]          [116] 116      [117]          [118]          [119] 4619     
[120]          [121] 6121     [122]          [123] 123      [124] 124      
[125] 125      [126]          [127] 6127     [128] 3128     [129] 7629     
[130]          [131] 3131     [132] 9132     [133]          [134] 9134     
[135] 4635     [136] 6136     [137] 7637     [138] 4638     [139] 4639     
[140]          [141] 4641     [142]          [143]          [144]          
[145]          [146] 9146     [147]          [148]          [149] 9149     
[150]          [151] 9151     [152] 7652     [153]          [154] 7654     
[155] 6155     [156] 156      [157]          [158]          [159] 1659     
[160]          [161] 9161     [162] 4662     [163]          [164]          
[165]          [166] 4666     [167] 7667     [168]          [169] 7669     
[170]          [171] 4671     [172]          [173]          [174]          
[175]          [176] 6176     [177]          [178] 9178     [179]          
[180]          [181]          [182]          [183]          [184] 4684     
[185] 6185     [186] 186      [187] 6187     [188]          [189] 9189     
[190] 7690     [191] 1691     [192]          [193] 7693     [194] 1694     
[195] 195      [196]          [197]          [198] 1698     [199] 3199     
[200] 3200     [201] 201      [202]          [203] 9203     [204]          
[205]          [206] 3206     [207]          [208]          [209]          
[210] 7710     [211]          [212]          [213]          [214] 3214     
[215] 1715     [216]          [217] 1717     [218]          [219]          
[220] 6220     [221] 9221     [222] 222      [223]          [224]          
[225] 3225     [226]          [227]          [228] 1728     [229] 3229     
[230]          [231] 6231     [232] 4732     [233] 1733     [234]          
[235] 7735     [236] 6236     [237] 7737     [238]          [239] 4739     
[240] 6240     [241]          [242] 4742     [243] 4743     [244] 4744     
[245] 7745     [246] 246      [247]          [248] 7748     [249]          
[250]          [251]          [252] 1752     [253] 9253     [254]          
[255] 7755     [256]          [257] 6257     [258] 1758     [259] 3259     
[260] 260      [261]          [262]          [263] 7763     [264]          
[265] 265      [266] 3266     [267] 3267     [268]          [269] 1769     
[270] 270      [271] 9271     [272]          [273] 1773     [274]          
[275]          [276] 9276     [277]          [278] 6278     [279] 3279     
[280] 1780     [281] 9281     [282] 4782     [283] 9283     [284] 4784     
[285] 4785     [286]          [287] 1787     [288] 288      [289] 289      
[290]          [291] 1791     [292] 3292     [293]          [294] 4794     
[295]          [296] 9296     [297]          [298]          [299] 7799     
[300] 7800     [301] 1801     [302] 6302     [303] 303      [304]          
[305]          [306] 1806     [307]          [308]          [309]          
[310]          [311]          [312] 7812     [313]          [314] 1814     
[315]          [316]          [317]          [318]          [319] 1819     
[320]          [321]          [322] 6322     [323]          [324]          
[325]          [326] 4826     [327] 7827     [328] 3328     [329]          
[330] 1830     [331]          [332] 9332     [333] 7833     [334]          
[335] 1835     [336]          [337] 9337     [338]          [339] 6339     
[340]          [341] 3341     [342] 4842     [343] 3343     [344] 3344     
[345]          [346] 1846     [347]          [348]          [349]          
[350]          [351]          [352]          [353]          [354] 7854     
[355]          [356]          [357]          [358] 9358     [359]          
[360]          [361] 3361     [362]          [363] 7863     [364]          
[365] 6365     [366]          [367]          [368] 1868     [369] 7869     
[370]          [371] 1871     [372]          [373]          [374]          
[375] 375      [376]          [377] 3377     [378] 6378     [379] 379      
[380]          [381] 4881     [382] 6382     [383] 3383     [384]          
[385]          [386]          [387] 7887     [388]          [389] 4889     
[390] 6390     [391]          [392]          [393] 1893     [394] 3394     
[395] 9395     [396]          [397]          [398]          [399] 1899     
[400]          [401] 6401     [402] 6402     [403]          [404]          
[405] 3405     [406] 9406     [407] 1907     [408]          [409]          
[410] 4910     [411] 4911     [412] 9412     [413] 6413     [414] 4914     
[415]          [416]          [417]          [418]          [419]          
[420] 7920     [421] 421      [422] 6422     [423] 7923     [424]          
[425]          [426]          [427] 4927     [428] 9428     [429]          
[430] 7930     [431]          [432]          [433]          [434] 1934     
[435]          [436]          [437]          [438]          [439] 3439     
[440]          [441]          [442]          [443]          [444]          
[445]          [446] 7946     [447] 1947     [448] 4948     [449]          
[450]          [451]          [452] 3452     [453] 453      [454] 454      
[455] 7955     [456]          [457] 3457     [458]          [459]          
[460]          [461] 1961     [462] 7962     [463] 3463     [464]          
[465]          [466] 466      [467] 467      [468] 3468     [469] 7969     
[470]          [471] 471      [472] 7972     [473]          [474]          
[475] 475      [476]          [477] 6477     [478] 7978     [479]          
[480] 6480     [481] 7981     [482]          [483]          [484] 1984     
[485] 3485     [486]          [487] 9487     [488] 4988     [489] 7989     
[490]          [491] 1991     [492]          [493]          [494]          
[495] 495      [496]          [497]          [498] 6498     [499] 499      
[500]          [501]          [502] 502      [503] 8003     [504]          
[505]          [506]          [507] 5007     [508] 5008     [509]          
[510] 5010     [511] 8011     [512]          [513]          [514] 3514     
[515]          [516]          [517] 517      [518]          [519] 3519     
[520] 2020     [521] 3521     [522]          [523] 2023     [524] 524      
[525]          [526] 5026     [527]          [528]          [529]          
[530]          [531] 531      [532]          [533] 5033     [534]          
[535] 5035     [536] 3536     [537]          [538] 9538     [539]          
[540] 5040     [541]          [542] 2042     [543] 543      [544] 6544     
[545]          [546]          [547] 9547     [548] 8048     [549] 549      
[550]          [551]          [552] 8052     [553]          [554] 3554     
[555]          [556]          [557] 9557     [558]          [559] 8059     
[560]          [561]          [562] 5062     [563]          [564] 5064     
[565] 2065     [566] 2066     [567] 8067     [568] 2068     [569]          
[570]          [571] 2071     [572] 8072     [573]          [574]          
[575] 6575     [576] 5076     [577]          [578]          [579]          
[580] 5080     [581] 5081     [582]          [583]          [584]          
[585] 5085     [586]          [587] 3587     [588] 9588     [589]          
[590] 5090     [591]          [592]          [593] 8093     [594] 2094     
[595]          [596]          [597] 9597     [598] 598      [599]          
[600] 8100     [601]          [602]          [603] 5103     [604] 8104     
[605]          [606]          [607] 8107     [608]          [609]          
[610]          [611] 3611     [612] 612      [613]          [614]          
[615] 6615     [616]          [617] 5117     [618] 6618     [619]          
[620] 620      [621]          [622] 8122     [623]          [624]          
[625]          [626] 626      [627]          [628] 6628     [629] 3629     
[630]          [631]          [632] 3632     [633] 9633     [634]          
[635] 635      [636]          [637] 9637     [638]          [639]          
[640] 2140     [641]          [642] 2142     [643]          [644] 8144     
[645]          [646]          [647]          [648] 5148     [649] 6649     
[650]          [651]          [652]          [653]          [654]          
[655] 2155     [656]          [657]          [658]          [659] 8159     
[660] 8160     [661] 8161     [662]          [663] 2163     [664]          
[665]          [666] 666      [667] 5167     [668]          [669] 6669     
[670]          [671]          [672]          [673]          [674]          
[675]          [676]          [677]          [678]          [679] 9679     
[680]          [681] 8181     [682]          [683]          [684] 2184     
[685] 3685     [686] 6686     [687]          [688] 9688     [689]          
[690]          [691] 9691     [692] 692      [693] 5193     [694] 5194     
[695] 695      [696] 8196     [697]          [698]          [699]          
[700] 2200     [701] 9701     [702]          [703] 6703     [704] 6704     
[705]          [706] 9706     [707] 5207     [708] 9708     [709] 8209     
[710] 2210     [711]          [712]          [713] 713      [714]          
[715]          [716]          [717] 5217     [718] 3718     [719] 6719     
[720] 720      [721] 9721     [722]          [723] 6723     [724] 2224     
[725] 725      [726]          [727] 5227     [728] 2228     [729]          
[730]          [731]          [732] 6732     [733] 9733     [734] 2234     
[735] 5235     [736] 9736     [737] 6737     [738] 8238     [739] 8239     
[740]          [741]          [742] 6742     [743] 6743     [744] 3744     
[745] 2245     [746]          [747] 3747     [748]          [749] 5249     
[750] 2250     [751]          [752] 2252     [753] 5253     [754] 9754     
[755] 9755     [756]          [757]          [758]          [759] 759      
[760] 6760     [761]          [762] 5262     [763] 8263     [764] 6764     
[765] 6765     [766] 5266     [767] 8267     [768] 8268     [769]          
[770]          [771] 3771     [772] 5272     [773]          [774]          
[775] 2275     [776] 3776     [777] 5277     [778] 2278     [779] 9779     
[780]          [781] 3781     [782] 782      [783]          [784] 5284     
[785]          [786]          [787]          [788]          [789] 789      
[790] 2290     [791]          [792]          [793]          [794]          
[795] 8295     [796]          [797]          [798]          [799]          
[800]          [801] 801      [802]          [803]          [804]          
[805] 2305     [806] 2306     [807]          [808]          [809] 3809     
[810]          [811] 8311     [812]          [813] 5313     [814] 5314     
[815] 815      [816] 9816     [817] 8317     [818]          [819]          
[820]          [821]          [822] 3822     [823]          [824]          
[825] 5325     [826] 826      [827]          [828]          [829]          
[830] 3830     [831] 2331     [832]          [833]          [834]          
[835] 9835     [836] 5336     [837] 3837     [838] 5338     [839] 8339     
[840] 8340     [841]          [842] 2342     [843]          [844] 6844     
[845] 5345     [846] 846      [847] 3847     [848]          [849]          
[850]          [851] 3851     [852] 2352     [853]          [854] 854      
[855] 2355     [856]          [857] 3857     [858]          [859] 6859     
[860]          [861] 861      [862]          [863] 9863     [864] 864      
[865] 3865     [866]          [867]          [868]          [869]          
[870] 2370     [871] 9871     [872]          [873] 3873     [874] 8374     
[875]          [876] 9876     [877] 8377     [878] 6878     [879]          
[880]          [881]          [882]          [883] 8383     [884]          
[885] 6885     [886]          [887] 6887     [888]          [889]          
[890] 8390     [891]          [892] 6892     [893] 2393     [894]          
[895]          [896]          [897] 5397     [898]          [899] 5399     
[900] 3900     [901]          [902]          [903] 9903     [904] 6904     
[905]          [906]          [907] 907      [908] 2408     [909] 6909     
[910]          [911] 5411     [912] 6912     [913]          [914] 9914     
[915] 9915     [916]          [917]          [918] 8418     [919] 2419     
[920] 6920     [921] 921      [922]          [923]          [924]          
[925] 2425     [926] 3926     [927]          [928] 9928     [929]          
[930] 3930     [931] 5431     [932] 2432     [933]          [934]          
[935] 9935     [936]          [937]          [938] 6938     [939]          
[940]          [941]          [942]          [943] 2443     [944] 2444     
[945]          [946] 946      [947]          [948] 2448     [949]          
[950] 950      [951]          [952] 8452     [953] 8453     [954]          
[955] 955      [956] 8456     [957]          [958] 958      [959]          
[960]          [961] 3961     [962] 5462     [963] 3963     [964]          
[965] 3965     [966] 8466     [967] 8467     [968] 8468     [969] 2469     
[970] 9970     [971] 5471     [972]          [973]          [974] 2474     
[975]          [976] 976      [977] 977      [978]          [979] 8479     
[980] 980      [981] 2481     [982]          [983]          [984]          
[985]          [986] 5486     [987]          [988] 5488     [989] 3989     
[990] 6990     [991]          [992] 8492     [993] 5493     [994] 2494     
[995] 8495     [996] 3996     [997]          [998] 2498     [999] 999      
[1000]         [1001] 5501    [1002]         [1003] 1003    [1004]         
[1005] 4005    [1006] 1006    [1007] 1007    [1008] 5508    [1009] 5509    
[1010] 4010    [1011]         [1012] 2512    [1013]         [1014]         
[1015] 4015    [1016]         [1017]         [1018]         [1019] 7019    
[1020]         [1021]         [1022] 8522    [1023] 1023    [1024]         
[1025]         [1026]         [1027]         [1028] 7028    [1029]         
[1030]         [1031] 5531    [1032]         [1033] 4033    [1034]         
[1035] 4035    [1036]         [1037] 8537    [1038] 5538    [1039] 2539    
[1040]         [1041]         [1042] 2542    [1043] 2543    [1044]         
[1045]         [1046]         [1047] 5547    [1048]         [1049]         
[1050]         [1051] 5551    [1052] 5552    [1053]         [1054]         
[1055]         [1056] 5556    [1057] 4057    [1058] 1058    [1059]         
[1060]         [1061] 7061    [1062]         [1063] 5563    [1064]         
[1065]         [1066]         [1067]         [1068]         [1069]         
[1070] 2570    [1071]         [1072] 8572    [1073] 5573    [1074]         
[1075] 4075    [1076] 2576    [1077] 7077    [1078]         [1079]         
[1080] 1080    [1081] 2581    [1082]         [1083] 7083    [1084]         
[1085]         [1086]         [1087]         [1088]         [1089]         
[1090]         [1091] 1091    [1092]         [1093] 7093    [1094]         
[1095]         [1096] 5596    [1097] 7097    [1098] 1098    [1099]         
[1100]         [1101]         [1102]         [1103] 5603    [1104] 2604    
[1105]         [1106]         [1107]         [1108]         [1109]         
[1110] 5610    [1111]         [1112]         [1113]         [1114] 2614    
[1115]         [1116] 8616    [1117] 5617    [1118] 1118    [1119] 8619    
[1120] 2620    [1121]         [1122]         [1123]         [1124] 5624    
[1125]         [1126]         [1127] 4127    [1128] 5628    [1129]         
[1130]         [1131]         [1132] 8632    [1133]         [1134] 1134    
[1135]         [1136]         [1137]         [1138] 1138    [1139]         
[1140] 8640    [1141]         [1142]         [1143]         [1144] 2644    
[1145] 7145    [1146] 7146    [1147]         [1148]         [1149]         
[1150]         [1151] 7151    [1152]         [1153]         [1154]         
[1155] 8655    [1156] 1156    [1157] 8657    [1158] 7158    [1159]         
[1160] 2660    [1161]         [1162]         [1163]         [1164]         
[1165]         [1166]         [1167] 7167    [1168] 1168    [1169]         
[1170] 5670    [1171]         [1172] 4172    [1173] 1173    [1174] 5674    
[1175] 4175    [1176]         [1177]         [1178] 5678    [1179]         
[1180] 4180    [1181] 4181    [1182]         [1183]         [1184]         
[1185]         [1186] 4186    [1187] 2687    [1188]         [1189]         
[1190] 8690    [1191]         [1192]         [1193] 7193    [1194]         
[1195]         [1196]         [1197] 4197    [1198] 8698    [1199] 5699    
[1200] 7200    [1201]         [1202] 7202    [1203]         [1204] 5704    
[1205]         [1206]         [1207]         [1208]         [1209] 5709    
[1210]         [1211]         [1212] 4212    [1213]         [1214] 1214    
[1215]         [1216]         [1217] 2717    [1218]         [1219]         
[1220]         [1221] 4221    [1222] 7222    [1223] 7223    [1224] 5724    
[1225] 8725    [1226]         [1227]         [1228]         [1229]         
[1230] 1230    [1231] 2731    [1232]         [1233]         [1234]         
[1235] 7235    [1236]         [1237]         [1238] 8738    [1239] 7239    
[1240] 5740    [1241]         [1242]         [1243] 4243    [1244] 1244    
[1245] 8745    [1246]         [1247] 8747    [1248] 5748    [1249]         
[1250]         [1251] 2751    [1252] 2752    [1253]         [1254]         
[1255] 2755    [1256]         [1257]         [1258]         [1259]         
[1260] 2760    [1261]         [1262]         [1263]         [1264] 5764    
[1265]         [1266] 8766    [1267] 5767    [1268]         [1269]         
[1270]         [1271]         [1272]         [1273]         [1274] 7274    
[1275]         [1276]         [1277] 7277    [1278] 7278    [1279] 1279    
[1280]         [1281]         [1282]         [1283]         [1284]         
[1285]         [1286] 8786    [1287] 8787    [1288]         [1289]         
[1290]         [1291] 8791    [1292] 5792    [1293]         [1294] 2794    
[1295]         [1296] 4296    [1297]         [1298] 4298    [1299] 4299    
[1300]         [1301] 4301    [1302] 8802    [1303]         [1304]         
[1305]         [1306] 5806    [1307]         [1308] 7308    [1309] 7309    
[1310] 8810    [1311]         [1312] 8812    [1313] 7313    [1314]         
[1315]         [1316] 8816    [1317]         [1318]         [1319]         
[1320]         [1321]         [1322]         [1323]         [1324] 4324    
[1325] 7325    [1326] 5826    [1327] 7327    [1328] 7328    [1329]         
[1330] 2830    [1331]         [1332]         [1333] 1333    [1334]         
[1335]         [1336] 1336    [1337]         [1338]         [1339] 4339    
[1340] 1340    [1341] 2841    [1342]         [1343] 7343    [1344] 1344    
[1345]         [1346]         [1347] 4347    [1348]         [1349] 4349    
[1350] 4350    [1351]         [1352]         [1353]         [1354]         
[1355]         [1356] 4356    [1357]         [1358] 4358    [1359] 7359    
[1360] 7360    [1361] 5861    [1362]         [1363]         [1364]         
[1365] 7365    [1366] 7366    [1367] 4367    [1368] 4368    [1369]         
[1370] 4370    [1371]         [1372]         [1373]         [1374] 8874    
[1375] 8875    [1376]         [1377] 1377    [1378] 4378    [1379]         
[1380]         [1381] 5881    [1382]         [1383]         [1384] 2884    
[1385] 1385    [1386] 7386    [1387]         [1388]         [1389] 4389    
[1390]         [1391] 2891    [1392] 5892    [1393] 2893    [1394] 8894    
[1395] 8895    [1396] 4396    [1397] 1397    [1398] 5898    [1399] 7399    
[1400] 5900    [1401]         [1402] 4402    [1403]         [1404]         
[1405] 8905    [1406] 2906    [1407]         [1408]         [1409]         
[1410] 7410    [1411]         [1412] 7412    [1413]         [1414]         
[1415] 2915    [1416] 4416    [1417] 7417    [1418]         [1419]         
[1420]         [1421] 5921    [1422] 2922    [1423] 2923    [1424] 5924    
[1425] 2925    [1426]         [1427]         [1428]         [1429] 5929    
[1430] 5930    [1431]         [1432]         [1433]         [1434]         
[1435] 5935    [1436]         [1437]         [1438] 5938    [1439] 8939    
[1440]         [1441]         [1442]         [1443]         [1444]         
[1445]         [1446] 2946    [1447] 2947    [1448] 7448    [1449] 4449    
[1450] 2950    [1451]         [1452]         [1453] 7453    [1454] 7454    
[1455] 2955    [1456]         [1457]         [1458]         [1459]         
[1460]         [1461]         [1462]         [1463] 7463    [1464] 1464    
[1465]         [1466]         [1467] 4467    [1468] 8968    [1469]         
[1470] 1470    [1471]         [1472]         [1473]         [1474]         
[1475]         [1476]         [1477] 7477    [1478]         [1479] 7479    
[1480]         [1481]         [1482]         [1483]         [1484] 5984    
[1485] 4485    [1486]         [1487] 4487    [1488] 4488    [1489]         
[1490] 1490    [1491] 5991    [1492] 2992    [1493] 8993    [1494]         
[1495] 4495    [1496]         [1497] 5997    [1498] 1498    [1499] 2999    
#### TAULA RESULTANT 2 ####
[0] 7500       [1] 7091       [2]            [3]            [4]            
[5] 2455       [6]            [7]            [8]            [9]            
[10]           [11] 7501      [12]           [13]           [14]           
[15] 4365      [16]           [17]           [18]           [19]           
[20]           [21]           [22]           [23]           [24]           
[25]           [26] 7366      [27]           [28] 548       [29] 4639      
[30]           [31]           [32]           [33]           [34]           
[35] 5185      [36] 276       [37]           [38]           [39]           
[40]           [41]           [42] 6822      [43]           [44]           
[45]           [46]           [47]           [48]           [49]           
[50]           [51] 3141      [52]           [53]           [54]           
[55] 1505      [56] 2596      [57]           [58] 7778      [59]           
[60]           [61]           [62]           [63]           [64]           
[65]           [66]           [67]           [68]           [69] 7779      
[70] 8870      [71] 8461      [72]           [73]           [74]           
[75] 9825      [76]           [77]           [78]           [79]           
[80]           [81]           [82]           [83]           [84]           
[85] 4235      [86] 3826      [87]           [88]           [89]           
[90]           [91]           [92]           [93] 2463      [94]           
[95]           [96]           [97]           [98]           [99]           
[100]          [101] 3691     [102]          [103]          [104]          
[105]          [106]          [107]          [108]          [109]          
[110]          [111]          [112]          [113]          [114] 4374     
[115]          [116]          [117]          [118]          [119]          
[120]          [121] 11       [122]          [123]          [124]          
[125]          [126]          [127]          [128]          [129]          
[130]          [131]          [132]          [133]          [134]          
[135]          [136]          [137]          [138]          [139] 7649     
[140] 1240     [141]          [142] 3422     [143] 13       [144]          
[145]          [146]          [147]          [148]          [149]          
[150]          [151]          [152]          [153] 423      [154]          
[155]          [156]          [157]          [158]          [159]          
[160]          [161]          [162]          [163]          [164]          
[165]          [166]          [167]          [168] 7788     [169]          
[170] 3970     [171]          [172]          [173] 8743     [174]          
[175]          [176]          [177]          [178]          [179]          
[180]          [181]          [182]          [183]          [184]          
[185] 9835     [186]          [187] 7517     [188]          [189]          
[190]          [191]          [192]          [193]          [194]          
[195]          [196]          [197]          [198]          [199]          
[200]          [201]          [202]          [203]          [204]          
[205]          [206]          [207] 3837     [208] 4928     [209]          
[210] 8610     [211] 5201     [212]          [213]          [214]          
[215]          [216] 3156     [217]          [218]          [219]          
[220] 20       [221]          [222]          [223]          [224]          
[225]          [226]          [227]          [228] 2748     [229]          
[230] 9430     [231]          [232]          [233]          [234]          
[235]          [236]          [237]          [238]          [239]          
[240]          [241]          [242] 4522     [243]          [244]          
[245]          [246]          [247] 6977     [248] 5068     [249] 9159     
[250]          [251]          [252]          [253]          [254]          
[255]          [256]          [257]          [258]          [259]          
[260]          [261]          [262]          [263]          [264] 6024     
[265]          [266]          [267]          [268]          [269]          
[270]          [271]          [272]          [273]          [274]          
[275]          [276]          [277]          [278]          [279]          
[280]          [281] 2071     [282]          [283]          [284]          
[285]          [286] 9026     [287] 5617     [288]          [289]          
[290]          [291]          [292]          [293]          [294]          
[295]          [296]          [297]          [298]          [299]          
[300]          [301]          [302]          [303]          [304]          
[305]          [306]          [307]          [308]          [309]          
[310]          [311] 6301     [312]          [313]          [314]          
[315]          [316]          [317]          [318]          [319]          
[320]          [321]          [322]          [323] 2893     [324]          
[325]          [326] 7666     [327]          [328]          [329]          
[330]          [331]          [332]          [333] 3303     [334]          
[335]          [336]          [337]          [338]          [339]          
[340]          [341]          [342]          [343]          [344]          
[345] 5895     [346]          [347]          [348]          [349]          
[350]          [351]          [352]          [353]          [354]          
[355]          [356] 7396     [357]          [358]          [359] 1669     
[360]          [361]          [362]          [363]          [364]          
[365]          [366] 9306     [367]          [368] 9988     [369]          
[370]          [371]          [372]          [373]          [374]          
[375]          [376]          [377]          [378]          [379]          
[380]          [381]          [382]          [383]          [384]          
[385]          [386]          [387]          [388]          [389]          
[390]          [391]          [392]          [393]          [394]          
[395]          [396]          [397]          [398] 3718     [399]          
[400]          [401]          [402]          [403]          [404]          
[405] 3855     [406]          [407]          [408]          [409] 719      
[410]          [411]          [412] 9992     [413]          [414]          
[415]          [416]          [417] 7947     [418]          [419]          
[420] 3720     [421]          [422]          [423]          [424]          
[425]          [426] 8766     [427]          [428]          [429]          
[430]          [431] 9721     [432]          [433]          [434]          
[435]          [436] 7676     [437]          [438]          [439]          
[440]          [441]          [442]          [443]          [444]          
[445]          [446]          [447]          [448]          [449]          
[450]          [451]          [452] 1132     [453] 6723     [454]          
[455]          [456]          [457]          [458]          [459]          
[460]          [461]          [462]          [463]          [464]          
[465]          [466]          [467]          [468] 3588     [469]          
[470]          [471] 861      [472]          [473]          [474]          
[475]          [476]          [477]          [478] 5498     [479]          
[480]          [481]          [482]          [483] 3453     [484]          
[485]          [486]          [487]          [488]          [489]          
[490] 6590     [491]          [492]          [493]          [494]          
[495] 4545     [496]          [497]          [498]          [499]          
[500]          [501]          [502]          [503]          [504]          
[505]          [506]          [507]          [508]          [509]          
[510] 7410     [511] 7001     [512]          [513]          [514]          
[515]          [516]          [517]          [518]          [519]          
[520]          [521]          [522]          [523]          [524]          
[525]          [526]          [527] 3457     [528]          [529]          
[530]          [531]          [532]          [533] 5503     [534]          
[535] 4685     [536]          [537]          [538]          [539]          
[540] 8640     [541]          [542] 1822     [543]          [544]          
[545]          [546] 9186     [547]          [548]          [549]          
[550] 6050     [551]          [552]          [553]          [554]          
[555]          [556]          [557]          [558]          [559]          
[560]          [561]          [562]          [563] 3733     [564]          
[565]          [566] 4006     [567] 6597     [568]          [569]          
[570]          [571]          [572]          [573]          [574]          
[575]          [576]          [577] 1007     [578] 8098     [579]          
[580]          [581]          [582] 1962     [583]          [584]          
[585]          [586]          [587] 2917     [588]          [589]          
[590] 1690     [591]          [592]          [593] 1963     [594]          
[595]          [596] 9736     [597] 9327     [598]          [599]          
[600]          [601]          [602]          [603]          [604]          
[605]          [606]          [607] 5237     [608] 1828     [609]          
[610] 5510     [611]          [612]          [613]          [614]          
[615]          [616]          [617]          [618]          [619]          
[620]          [621]          [622]          [623]          [624]          
[625]          [626]          [627]          [628]          [629]          
[630]          [631]          [632]          [633] 3603     [634]          
[635]          [636]          [637]          [638]          [639]          
[640]          [641]          [642]          [643]          [644]          
[645]          [646]          [647]          [648]          [649]          
[650]          [651]          [652] 4832     [653]          [654]          
[655]          [656]          [657]          [658]          [659]          
[660]          [661]          [662]          [663] 3333     [664] 5924     
[665] 4015     [666]          [667]          [668]          [669]          
[670]          [671]          [672]          [673]          [674]          
[675]          [676]          [677]          [678]          [679]          
[680]          [681]          [682]          [683]          [684]          
[685]          [686]          [687]          [688]          [689]          
[690]          [691]          [692]          [693]          [694]          
[695]          [696]          [697]          [698]          [699]          
[700]          [701] 5791     [702]          [703]          [704]          
[705]          [706]          [707]          [708]          [709]          
[710]          [711] 1701     [712]          [713]          [714]          
[715] 9065     [716]          [717]          [718]          [719]          
[720]          [721] 6611     [722]          [723]          [724]          
[725]          [726]          [727] 2657     [728]          [729]          
[730]          [731]          [732]          [733]          [734]          
[735] 5385     [736]          [737]          [738]          [739] 5249     
[740]          [741]          [742]          [743]          [744]          
[745]          [746]          [747]          [748]          [749]          
[750]          [751]          [752]          [753]          [754]          
[755]          [756]          [757]          [758]          [759]          
[760]          [761]          [762]          [763]          [764]          
[765]          [766] 7706     [767]          [768]          [769]          
[770]          [771]          [772]          [773]          [774]          
[775]          [776]          [777]          [778]          [779]          
[780] 9480     [781]          [782]          [783]          [784] 4844     
[785]          [786]          [787]          [788]          [789]          
[790]          [791]          [792]          [793]          [794]          
[795]          [796]          [797]          [798]          [799]          
[800]          [801]          [802]          [803]          [804]          
[805]          [806] 1846     [807]          [808]          [809]          
[810] 9210     [811]          [812]          [813]          [814]          
[815]          [816]          [817]          [818] 5938     [819]          
[820]          [821]          [822] 1302     [823]          [824]          
[825]          [826]          [827]          [828]          [829]          
[830]          [831]          [832]          [833]          [834]          
[835]          [836]          [837]          [838]          [839]          
[840]          [841]          [842]          [843]          [844]          
[845]          [846]          [847]          [848]          [849]          
[850]          [851]          [852]          [853]          [854]          
[855]          [856]          [857]          [858]          [859]          
[860]          [861]          [862]          [863]          [864]          
[865]          [866]          [867]          [868]          [869]          
[870] 8670     [871]          [872]          [873]          [874]          
[875]          [876]          [877]          [878]          [879]          
[880]          [881]          [882]          [883]          [884]          
[885]          [886]          [887]          [888]          [889]          
[890]          [891]          [892]          [893]          [894]          
[895]          [896]          [897]          [898]          [899]          
[900] 900      [901]          [902]          [903]          [904] 8264     
[905]          [906]          [907]          [908]          [909]          
[910]          [911]          [912]          [913]          [914]          
[915] 8265     [916]          [917]          [918]          [919]          
[920]          [921]          [922]          [923]          [924]          
[925]          [926]          [927]          [928]          [929]          
[930]          [931]          [932] 1312     [933]          [934]          
[935]          [936]          [937]          [938]          [939]          
[940]          [941]          [942]          [943]          [944]          
[945] 495      [946]          [947]          [948] 9768     [949]          
[950] 1450     [951]          [952]          [953]          [954]          
[955]          [956]          [957]          [958]          [959]          
[960]          [961]          [962]          [963]          [964]          
[965]          [966]          [967]          [968]          [969]          
[970]          [971]          [972]          [973]          [974]          
[975] 7725     [976] 1316     [977]          [978] 9498     [979]          
[980] 1180     [981]          [982]          [983]          [984]          
[985]          [986]          [987]          [988]          [989]          
[990]          [991]          [992]          [993]          [994]          
[995]          [996]          [997]          [998]          [999]          
[1000]         [1001]         [1002]         [1003]         [1004]         
[1005]         [1006]         [1007]         [1008]         [1009]         
[1010]         [1011]         [1012]         [1013]         [1014]         
[1015]         [1016]         [1017]         [1018]         [1019]         
[1020]         [1021]         [1022] 2002    [1023]         [1024]         
[1025] 9775    [1026]         [1027]         [1028]         [1029]         
[1030]         [1031]         [1032]         [1033]         [1034]         
[1035]         [1036] 6776    [1037]         [1038]         [1039]         
[1040]         [1041] 9231    [1042]         [1043]         [1044]         
[1045]         [1046]         [1047]         [1048] 4868    [1049]         
[1050]         [1051]         [1052]         [1053]         [1054]         
[1055]         [1056]         [1057] 2687    [1058]         [1059]         
[1060]         [1061] 2551    [1062]         [1063] 6233    [1064]         
[1065]         [1066]         [1067]         [1068]         [1069] 6779    
[1070]         [1071]         [1072]         [1073]         [1074]         
[1075]         [1076]         [1077]         [1078]         [1079]         
[1080]         [1081]         [1082]         [1083]         [1084] 5144    
[1085]         [1086]         [1087]         [1088]         [1089]         
[1090] 1190    [1091]         [1092]         [1093] 2963    [1094]         
[1095]         [1096] 236     [1097] 8827    [1098]         [1099]         
[1100]         [1101]         [1102]         [1103]         [1104]         
[1105]         [1106]         [1107] 7737    [1108]         [1109]         
[1110]         [1111]         [1112]         [1113]         [1114]         
[1115]         [1116] 8556    [1117]         [1118]         [1119]         
[1120] 6920    [1121]         [1122]         [1123]         [1124]         
[1125] 4875    [1126]         [1127]         [1128]         [1129] 239     
[1130] 5830    [1131] 9921    [1132]         [1133] 3103    [1134]         
[1135]         [1136]         [1137] 5967    [1138]         [1139] 8149    
[1140] 3240    [1141]         [1142]         [1143]         [1144]         
[1145]         [1146]         [1147]         [1148]         [1149]         
[1150]         [1151]         [1152]         [1153]         [1154]         
[1155]         [1156]         [1157]         [1158]         [1159]         
[1160]         [1161]         [1162] 3242    [1163]         [1164]         
[1165]         [1166]         [1167]         [1168]         [1169]         
[1170]         [1171]         [1172]         [1173] 6243    [1174]         
[1175]         [1176]         [1177]         [1178] 8698    [1179]         
[1180]         [1181]         [1182]         [1183]         [1184]         
[1185]         [1186]         [1187]         [1188]         [1189]         
[1190] 790     [1191]         [1192]         [1193]         [1194]         
[1195] 4745    [1196]         [1197]         [1198]         [1199]         
[1200]         [1201]         [1202]         [1203]         [1204]         
[1205]         [1206] 1746    [1207]         [1208] 6928    [1209]         
[1210]         [1211]         [1212]         [1213] 9383    [1214]         
[1215]         [1216]         [1217]         [1218]         [1219]         
[1220] 5020    [1221]         [1222] 7202    [1223]         [1224]         
[1225]         [1226]         [1227]         [1228]         [1229]         
[1230]         [1231] 2021    [1232]         [1233]         [1234]         
[1235]         [1236]         [1237]         [1238]         [1239]         
[1240]         [1241] 9931    [1242]         [1243] 1613    [1244]         
[1245]         [1246]         [1247]         [1248]         [1249]         
[1250]         [1251]         [1252]         [1253]         [1254]         
[1255]         [1256]         [1257]         [1258]         [1259]         
[1260]         [1261]         [1262]         [1263]         [1264]         
[1265]         [1266]         [1267]         [1268]         [1269]         
[1270]         [1271]         [1272]         [1273] 2843    [1274]         
[1275]         [1276]         [1277]         [1278]         [1279]         
[1280]         [1281]         [1282]         [1283]         [1284] 8844    
[1285]         [1286]         [1287]         [1288]         [1289]         
[1290]         [1291]         [1292]         [1293]         [1294]         
[1295]         [1296]         [1297]         [1298]         [1299] 7209    
[1300]         [1301]         [1302]         [1303]         [1304]         
[1305]         [1306]         [1307]         [1308]         [1309]         
[1310]         [1311]         [1312]         [1313]         [1314]         
[1315]         [1316]         [1317]         [1318] 6938    [1319]         
[1320]         [1321]         [1322]         [1323] 7893    [1324]         
[1325]         [1326]         [1327]         [1328]         [1329]         
[1330]         [1331]         [1332] 5712    [1333]         [1334] 6394    
[1335] 2985    [1336]         [1337]         [1338]         [1339]         
[1340]         [1341] 2031    [1342]         [1343]         [1344]         
[1345]         [1346]         [1347]         [1348]         [1349]         
[1350] 8850    [1351]         [1352]         [1353] 4623    [1354] 8714    
[1355]         [1356]         [1357] 1487    [1358]         [1359]         
[1360]         [1361]         [1362]         [1363]         [1364]         
[1365]         [1366]         [1367]         [1368] 4488    [1369]         
[1370]         [1371]         [1372]         [1373]         [1374]         
[1375]         [1376]         [1377]         [1378]         [1379]         
[1380]         [1381]         [1382]         [1383]         [1384]         
[1385]         [1386]         [1387] 8717    [1388]         [1389] 1899    
[1390]         [1391]         [1392]         [1393]         [1394]         
[1395]         [1396] 5036    [1397] 4627    [1398]         [1399] 6809    
[1400]         [1401]         [1402]         [1403]         [1404]         
[1405]         [1406] 946     [1407]         [1408]         [1409]         
[1410]         [1411] 9401    [1412]         [1413] 2583    [1414]         
[1415]         [1416]         [1417]         [1418]         [1419] 4629    
[1420]         [1421] 8311    [1422]         [1423]         [1424]         
[1425]         [1426]         [1427]         [1428]         [1429]         
[1430]         [1431]         [1432]         [1433]         [1434]         
[1435]         [1436]         [1437]         [1438]         [1439]         
[1440] 8040    [1441]         [1442]         [1443] 5313    [1444]         
[1445]         [1446]         [1447]         [1448]         [1449] 2859    
[1450]         [1451]         [1452]         [1453]         [1454]         
[1455] 3405    [1456]         [1457]         [1458]         [1459] 1769    
[1460]         [1461]         [1462]         [1463]         [1464]         
[1465]         [1466] 3406    [1467]         [1468]         [1469]         
[1470]         [1471] 8861    [1472]         [1473]         [1474] 3134    
[1475] 2725    [1476]         [1477] 407     [1478]         [1479]         
[1480]         [1481]         [1482]         [1483]         [1484]         
[1485]         [1486]         [1487]         [1488]         [1489]         
[1490]         [1491] 9681    [1492]         [1493]         [1494]         
[1495]         [1496]         [1497]         [1498]         [1499]         
