Selecciona l'entrada [1], [2], [3], [4] o [5].
Selecciona la cerca [B]inary, [H]ash o [BL]oom.
Selecciona la tècnica [O]pen o [C]hain.
Selecciona la funció [L]inear, [Q]uadratic, [D]ouble o [C]uckoo.
#### INFORMACIÓ ####
Cerca: HASH
Tècnica: OPEN
Funció: LINEAR
Ocupació: 66.6667%
Var. passos: 13
#### INSERCIÓ ####
Mida: 1000
Salts: 633
Errors: 0
Temps: 0.037
#### CERCA ####
Mida: 2000
Temps total: 24.467
Temps trobats: 0.063
Temps no trobats: 23.728
#### RESULTAT ####
Trobats: 196
No trobats: 1804
#### TAULA RESULTANT ####
[0] 1487       [1] 4488       [2] 2950       [3] 1490       [4] 5991       
[5] 2992       [6] 8993       [7]            [8] 4495       [9]            
[10] 5997      [11] 1498      [12] 2999      [13] 7500      [14] 4488      
[15] 3002      [16]           [17]           [18] 1505      [19] 7506      
[20]           [21]           [22]           [23] 1510      [24] 11        
[25]           [26] 4500      [27] 7514      [28] 3015      [29]           
[30] 7517      [31] 9005      [32] 1467      [33] 20        [34] 7521      
[35] 4522      [36]           [37] 6024      [38] 4525      [39] 9026      
[40] 5988      [41] 1528      [42]           [43] 4517      [44]           
[45]           [46] 6033      [47]           [48] 4522      [49] 3036      
[50] 1537      [51]           [52] 1526      [53] 7501      [54]           
[55]           [56] 1543      [57]           [58] 4545      [59] 1520      
[60] 3047      [61]           [62]           [63] 6050      [64] 51        
[65] 9026      [66] 1540      [67] 9054      [68] 3055      [69] 4556      
[70]           [71] 7545      [72] 3059      [73]           [74] 6061      
[75] 7562      [76] 1511      [77]           [78] 9065      [79] 1488      
[80]           [81]           [82] 4569      [83]           [84]           
[85] 3046      [86]           [87]           [88]           [89] 24        
[90] 3077      [91] 1565      [92] 7566      [93]           [94]           
[95] 1582      [96]           [97]           [98] 3085      [99] 3086      
[100] 7587     [101] 3088     [102] 4589     [103]          [104] 1591     
[105] 9001     [106] 4593     [107] 9094     [108] 4595     [109] 4596     
[110]          [111]          [112]          [113] 3100     [114]          
[115] 4485     [116] 3103     [117] 9065     [118]          [119] 4606     
[120]          [121]          [122]          [123]          [124]          
[125]          [126] 1613     [127]          [128] 9050     [129] 103      
[130] 4487     [131]          [132] 4619     [133]          [134] 6121     
[135]          [136] 4623     [137] 124      [138] 125      [139] 6113     
[140] 4627     [141] 3128     [142] 4629     [143] 9000     [144] 3131     
[145] 9132     [146]          [147] 3134     [148] 4635     [149] 6136     
[150] 7637     [151] 4638     [152] 4639     [153] 6127     [154] 3141     
[155] 116      [156] 13       [157]          [158]          [159] 9146     
[160] 9134     [161]          [162] 123      [163]          [164] 9151     
[165] 7652     [166]          [167] 4641     [168] 6155     [169] 3156     
[170]          [171]          [172] 9159     [173]          [174] 9161     
[175] 7649     [176]          [177]          [178] 4639     [179] 7666     
[180] 7654     [181] 7629     [182] 156      [183]          [184] 4671     
[185] 1659     [186]          [187]          [188] 4662     [189] 7676     
[190]          [191] 9178     [192] 4666     [193] 7667     [194]          
[195] 6013     [196]          [197] 4684     [198] 4685     [199] 9186     
[200] 6187     [201] 9149     [202] 9189     [203] 1690     [204] 1691     
[205] 166      [206] 7693     [207] 1694     [208] 4513     [209]          
[210]          [211] 1698     [212] 3199     [213] 3200     [214] 1701     
[215] 6176     [216] 9203     [217] 3113     [218]          [219] 7706     
[220]          [221] 195      [222]          [223] 9210     [224] 6185     
[225] 186      [226]          [227] 201      [228] 1715     [229] 7690     
[230] 1717     [231]          [232] 3206     [233] 6220     [234] 9221     
[235] 222      [236] 7710     [237]          [238] 7725     [239]          
[240] 9149     [241] 1728     [242] 3229     [243] 3139     [244] 9231     
[245] 4732     [246] 6233     [247] 9013     [248] 7735     [249] 236      
[250] 7737     [251] 3225     [252] 239      [253] 3240     [254]          
[255] 3242     [256] 6243     [257] 4744     [258] 4745     [259] 1746     
[260] 1669     [261] 7748     [262] 1710     [263] 7737     [264]          
[265] 1752     [266] 6240     [267]          [268] 4742     [269] 4743     
[270] 6231     [271] 1758     [272] 3259     [273] 260      [274]          
[275] 6236     [276] 7763     [277]          [278] 265      [279] 3266     
[280] 3267     [281] 7755     [282] 1769     [283] 6257     [284] 7745     
[285] 1733     [286] 1773     [287]          [288]          [289] 276      
[290]          [291] 7778     [292] 7779     [293] 1780     [294] 9281     
[295] 4782     [296] 9283     [297] 4745     [298] 4785     [299] 7669     
[300] 1787     [301] 7788     [302] 9276     [303]          [304] 6278     
[305] 3292     [306]          [307] 4794     [308] 6243     [309] 9296     
[310] 9271     [311] 246      [312] 7799     [313] 7800     [314] 6301     
[315] 6302     [316] 3303     [317] 3278     [318] 3149     [319] 9306     
[320]          [321] 1769     [322] 270      [323] 4784     [324]          
[325] 7812     [326]          [327] 288      [328] 289      [329] 303      
[330] 3278     [331] 3279     [332] 1819     [333]          [334]          
[335] 1822     [336]          [337]          [338]          [339] 4826     
[340] 9327     [341] 1828     [342]          [343] 1830     [344] 9253     
[345] 4832     [346] 3333     [347]          [348] 6322     [349]          
[350] 9337     [351]          [352] 6339     [353] 1814     [354] 3328     
[355] 4842     [356] 1791     [357] 4844     [358] 1806     [359] 1846     
[360]          [361] 1835     [362]          [363]          [364]          
[365]          [366] 1801     [367] 3341     [368]          [369] 4739     
[370] 3344     [371] 9332     [372] 7833     [373]          [374] 3361     
[375]          [376] 7863     [377]          [378] 6365     [379] 9301     
[380] 7854     [381] 4868     [382] 7869     [383] 3214     [384] 1871     
[385] 1846     [386]          [387] 9322     [388] 4875     [389]          
[390] 3377     [391] 6378     [392] 379      [393] 237      [394] 1868     
[395] 6382     [396] 9383     [397] 9358     [398]          [399]          
[400] 7887     [401] 375      [402] 4889     [403] 6390     [404]          
[405] 7827     [406] 7893     [407] 6394     [408] 9395     [409] 3383     
[410]          [411]          [412] 1899     [413]          [414] 9401     
[415] 6402     [416]          [417]          [418] 3405     [419] 1893     
[420] 407      [421] 3343     [422] 6383     [423] 4910     [424] 4911     
[425] 9412     [426] 6413     [427] 4914     [428]          [429]          
[430]          [431] 3405     [432] 3406     [433] 1907     [434] 421      
[435] 3422     [436] 423      [437]          [438] 1899     [439]          
[440] 6401     [441] 4928     [442]          [443] 9430     [444]          
[445] 9393     [446] 4881     [447] 1934     [448] 6422     [449] 7923     
[450]          [451]          [452] 3439     [453] 4927     [454] 9428     
[455]          [456] 7930     [457]          [458] 9406     [459] 3394     
[460] 7947     [461] 4948     [462] 1923     [463]          [464]          
[465] 3452     [466] 3453     [467] 454      [468] 7955     [469]          
[470] 3457     [471]          [472] 7920     [473] 1947     [474] 1961     
[475] 1962     [476] 1963     [477]          [478]          [479] 466      
[480] 467      [481] 3468     [482] 7969     [483] 3457     [484] 471      
[485] 7946     [486] 6447     [487]          [488] 7962     [489] 3463     
[490] 6477     [491] 7978     [492] 453      [493] 9480     [494] 7981     
[495]          [496] 6457     [497] 1984     [498] 3485     [499]          
[500] 9487     [501] 4988     [502] 7989     [503]          [504] 1991     
[505]          [506] 6480     [507]          [508] 495      [509]          
[510]          [511] 9498     [512] 499      [513]          [514] 475      
[515] 2002     [516] 8003     [517]          [518]          [519]          
[520] 5007     [521] 495      [522]          [523] 5010     [524] 8011     
[525]          [526]          [527] 3514     [528] 502      [529]          
[530] 517      [531]          [532] 3519     [533] 5020     [534] 2021     
[535]          [536] 2023     [537] 524      [538]          [539] 5026     
[540]          [541] 4963     [542]          [543]          [544] 2031     
[545]          [546] 5033     [547] 3521     [548] 5035     [549] 5036     
[550] 7972     [551] 9538     [552]          [553] 8040     [554]          
[555] 2042     [556] 543      [557] 6544     [558]          [559] 2020     
[560] 9547     [561] 548      [562] 549      [563] 6498     [564]          
[565] 8052     [566] 5040     [567] 3554     [568]          [569]          
[570] 9557     [571]          [572] 8059     [573] 5008     [574] 8048     
[575] 5062     [576]          [577] 5064     [578] 2065     [579] 2066     
[580] 8067     [581] 5068     [582]          [583] 531      [584] 2071     
[585] 8072     [586]          [587]          [588] 6575     [589] 5076     
[590]          [591]          [592] 2040     [593] 5080     [594] 2068     
[595]          [596]          [597] 2071     [598] 5085     [599]          
[600] 3587     [601] 3588     [602]          [603] 6590     [604]          
[605]          [606] 8093     [607] 2094     [608]          [609]          
[610] 6597     [611] 8098     [612]          [613] 8100     [614] 9588     
[615]          [616] 3603     [617] 8104     [618]          [619]          
[620] 8107     [621]          [622]          [623] 9597     [624] 6611     
[625] 612      [626]          [627] 5088     [628] 6615     [629] 5090     
[630] 5117     [631] 6618     [632]          [633] 5081     [634]          
[635] 8122     [636]          [637] 3611     [638]          [639] 626      
[640] 3536     [641] 6628     [642] 3629     [643]          [644]          
[645] 3632     [646] 9633     [647]          [648] 635      [649]          
[650] 9611     [651]          [652]          [653] 2140     [654]          
[655] 2142     [656]          [657] 5144     [658]          [659] 620      
[660]          [661] 5148     [662] 8149     [663] 9637     [664]          
[665]          [666]          [667]          [668] 2155     [669]          
[670] 8144     [671]          [672] 8159     [673] 8160     [674] 8161     
[675] 6649     [676] 2163     [677]          [678]          [679] 666      
[680] 5167     [681] 5103     [682] 6669     [683]          [684]          
[685]          [686]          [687]          [688]          [689] 8111     
[690]          [691]          [692] 9679     [693]          [694] 9681     
[695]          [696]          [697] 2184     [698] 5185     [699] 6686     
[700]          [701] 9688     [702] 598      [703]          [704] 3691     
[705] 692      [706] 5193     [707] 5194     [708] 695      [709] 8196     
[710]          [711] 3685     [712]          [713] 2200     [714] 5201     
[715]          [716] 6703     [717] 9691     [718]          [719] 9706     
[720] 5207     [721] 9708     [722] 8209     [723] 2210     [724]          
[725]          [726] 713      [727] 9701     [728]          [729]          
[730] 8191     [731] 3718     [732] 719      [733] 3720     [734] 9721     
[735]          [736] 6723     [737] 2224     [738] 725      [739]          
[740] 6701     [741] 2228     [742]          [743] 5217     [744] 3718     
[745] 6732     [746] 3733     [747] 2234     [748] 5235     [749] 6723     
[750] 5237     [751] 8238     [752] 8239     [753] 5227     [754]          
[755] 6742     [756] 6743     [757] 3744     [758] 2245     [759] 9733     
[760] 3747     [761]          [762] 5249     [763] 2250     [764]          
[765] 2252     [766] 5253     [767] 9754     [768] 9755     [769] 6704     
[770]          [771] 6719     [772] 759      [773] 6760     [774]          
[775] 5262     [776] 6737     [777] 8264     [778] 8265     [779] 5266     
[780] 8267     [781] 9768     [782]          [783]          [784] 3771     
[785] 5272     [786] 9721     [787]          [788] 5249     [789] 6776     
[790] 5277     [791] 2278     [792] 6779     [793]          [794] 8268     
[795] 782      [796]          [797] 5284     [798] 720      [799]          
[800]          [801] 9775     [802] 789      [803] 790      [804] 6765     
[805] 9779     [806]          [807] 3781     [808] 8295     [809]          
[810]          [811] 8181     [812]          [813]          [814] 801      
[815] 8263     [816] 6764     [817]          [818] 2305     [819] 2306     
[820]          [821]          [822] 6809     [823]          [824] 8311     
[825]          [826] 5313     [827] 5314     [828] 815      [829] 9816     
[830] 8317     [831]          [832]          [833]          [834]          
[835] 6822     [836]          [837] 8311     [838] 9825     [839] 3826     
[840] 9736     [841] 3776     [842] 8264     [843] 3830     [844] 2331     
[845]          [846]          [847]          [848] 3809     [849] 5336     
[850] 3837     [851] 5338     [852] 826      [853] 8340     [854]          
[855] 2342     [856]          [857] 6844     [858] 5345     [859] 846      
[860] 3847     [861] 9835     [862]          [863] 3837     [864] 5325     
[865] 2352     [866] 2275     [867] 854      [868] 3855     [869]          
[870] 3857     [871]          [872] 6859     [873]          [874] 861      
[875]          [876] 9863     [877] 6825     [878] 8339     [879] 9736     
[880]          [881] 2355     [882]          [883] 2370     [884] 9871     
[885]          [886] 3873     [887] 8374     [888]          [889] 9876     
[890] 3851     [891] 3865     [892]          [893]          [894] 2290     
[895]          [896] 8383     [897]          [898] 5385     [899]          
[900] 861      [901]          [902] 8181     [903] 8390     [904] 5313     
[905] 6892     [906] 2393     [907]          [908]          [909]          
[910] 5397     [911] 6885     [912] 5399     [913] 900      [914]          
[915] 9603     [916] 9903     [917] 6904     [918]          [919]          
[920] 907      [921] 2408     [922] 6909     [923]          [924] 5411     
[925] 6912     [926] 3900     [927] 9914     [928] 9915     [929] 3825     
[930] 6878     [931] 8418     [932] 2419     [933] 6920     [934] 9921     
[935]          [936]          [937]          [938] 2425     [939] 3926     
[940]          [941] 6928     [942] 8377     [943] 3930     [944] 9931     
[945] 2432     [946] 6920     [947] 921      [948] 9935     [949]          
[950]          [951] 6938     [952] 6887     [953]          [954] 9928     
[955] 864      [956] 2443     [957] 5431     [958]          [959] 946      
[960]          [961] 2448     [962]          [963] 950      [964] 6938     
[965] 8452     [966] 8453     [967] 3681     [968] 2455     [969] 8456     
[970] 2444     [971] 958      [972] 946      [973]          [974] 8461     
[975] 5462     [976] 2463     [977] 3938     [978] 3965     [979] 8466     
[980] 8467     [981] 955      [982] 2469     [983] 3970     [984] 5471     
[985]          [986]          [987] 3961     [988]          [989] 976      
[990] 6977     [991] 9835     [992] 8479     [993] 980      [994] 2481     
[995]          [996] 9970     [997]          [998]          [999] 5486     
[1000] 2474    [1001] 9988    [1002] 3989    [1003] 977     [1004] 3822    
[1005] 9992    [1006] 5493    [1007] 8468    [1008] 8495    [1009] 3996    
[1010]         [1011] 5498    [1012] 999     [1013]         [1014] 7001    
[1015] 3963    [1016] 5503    [1017]         [1018] 4005    [1019] 4006    
[1020] 1007    [1021] 5508    [1022] 5509    [1023] 5510    [1024] 2498    
[1025] 2512    [1026]         [1027] 5501    [1028] 4015    [1029] 6990    
[1030]         [1031] 8492    [1032] 7019    [1033] 1007    [1034]         
[1035] 8522    [1036] 4010    [1037]         [1038]         [1039]         
[1040] 5488    [1041] 7028    [1042] 9977    [1043]         [1044] 5531    
[1045] 1006    [1046] 4033    [1047]         [1048] 4035    [1049] 1023    
[1050] 8537    [1051] 5538    [1052] 2539    [1053]         [1054] 4015    
[1055] 2542    [1056] 2543    [1057]         [1058] 6681    [1059] 2494    
[1060] 5547    [1061]         [1062]         [1063]         [1064] 2551    
[1065] 5552    [1066]         [1067]         [1068] 1003    [1069] 8556    
[1070] 4057    [1071] 1058    [1072]         [1073]         [1074] 7061    
[1075]         [1076] 5563    [1077] 5551    [1078]         [1079]         
[1080]         [1081]         [1082] 5556    [1083] 2570    [1084]         
[1085] 8572    [1086] 5573    [1087]         [1088] 4075    [1089] 2576    
[1090] 7077    [1091]         [1092]         [1093] 1080    [1094] 2581    
[1095]         [1096] 2583    [1097]         [1098]         [1099]         
[1100]         [1101]         [1102]         [1103]         [1104] 7091    
[1105]         [1106] 7093    [1107]         [1108]         [1109] 7083    
[1110] 7097    [1111] 1098    [1112]         [1113]         [1114]         
[1115]         [1116] 5603    [1117] 2604    [1118]         [1119]         
[1120]         [1121]         [1122] 2596    [1123] 8610    [1124]         
[1125]         [1126]         [1127] 2614    [1128]         [1129] 8616    
[1130] 5617    [1131] 1118    [1132] 8619    [1133] 2620    [1134]         
[1135] 5596    [1136] 5610    [1137] 5624    [1138]         [1139]         
[1140] 4127    [1141] 5628    [1142]         [1143] 1091    [1144]         
[1145] 1132    [1146]         [1147] 1134    [1148]         [1149]         
[1150]         [1151] 1138    [1152]         [1153] 8640    [1154]         
[1155]         [1156] 5617    [1157] 2644    [1158] 8632    [1159] 7146    
[1160]         [1161]         [1162]         [1163]         [1164] 7151    
[1165]         [1166] 8640    [1167]         [1168] 8655    [1169] 1156    
[1170] 2657    [1171] 7158    [1172]         [1173] 2660    [1174]         
[1175]         [1176]         [1177]         [1178]         [1179]         
[1180] 7167    [1181] 1168    [1182]         [1183] 8657    [1184] 7145    
[1185] 4172    [1186] 1173    [1187] 5674    [1188] 4175    [1189]         
[1190]         [1191] 5678    [1192]         [1193] 1180    [1194] 4181    
[1195]         [1196] 8670    [1197]         [1198]         [1199] 4186    
[1200] 2687    [1201]         [1202]         [1203] 1190    [1204]         
[1205]         [1206] 7193    [1207]         [1208]         [1209] 5670    
[1210] 4197    [1211] 8698    [1212] 5699    [1213] 7200    [1214]         
[1215] 7202    [1216] 8690    [1217] 5704    [1218]         [1219] 4180    
[1220]         [1221]         [1222] 7209    [1223]         [1224] 8698    
[1225] 5712    [1226] 2687    [1227] 8714    [1228] 7202    [1229]         
[1230] 8717    [1231]         [1232]         [1233]         [1234] 4221    
[1235] 5709    [1236] 7223    [1237] 5724    [1238] 2725    [1239]         
[1240] 1214    [1241]         [1242]         [1243] 1230    [1244] 2731    
[1245]         [1246]         [1247]         [1248] 7209    [1249]         
[1250]         [1251] 8738    [1252] 7239    [1253] 1240    [1254]         
[1255]         [1256] 8743    [1257] 1244    [1258] 8745    [1259]         
[1260] 8747    [1261] 2748    [1262]         [1263]         [1264] 2751    
[1265] 2752    [1266] 5740    [1267]         [1268] 2755    [1269] 4243    
[1270]         [1271]         [1272]         [1273] 2760    [1274] 5748    
[1275]         [1276]         [1277] 5764    [1278]         [1279] 8766    
[1280] 5767    [1281]         [1282] 2717    [1283]         [1284]         
[1285]         [1286]         [1287] 7274    [1288]         [1289]         
[1290] 7277    [1291] 7278    [1292] 1279    [1293]         [1294]         
[1295]         [1296]         [1297]         [1298]         [1299] 8786    
[1300] 4235    [1301]         [1302]         [1303] 8725    [1304] 5791    
[1305] 8766    [1306]         [1307] 2794    [1308]         [1309] 4296    
[1310]         [1311] 4298    [1312] 4299    [1313] 7235    [1314] 4301    
[1315] 1302    [1316] 4212    [1317] 8791    [1318] 5792    [1319] 5806    
[1320]         [1321] 7308    [1322] 7309    [1323] 8810    [1324]         
[1325] 1312    [1326] 7313    [1327]         [1328] 8802    [1329] 1316    
[1330] 5791    [1331] 4240    [1332]         [1333]         [1334]         
[1335]         [1336]         [1337] 4324    [1338] 7325    [1339] 5826    
[1340] 8827    [1341] 7328    [1342] 8816    [1343] 5830    [1344]         
[1345]         [1346] 1333    [1347]         [1348]         [1349] 1336    
[1350]         [1351] 8812    [1352] 8787    [1353] 1340    [1354] 2841    
[1355]         [1356] 2843    [1357] 8844    [1358]         [1359]         
[1360] 4347    [1361]         [1362] 4349    [1363] 8850    [1364]         
[1365] 4339    [1366] 7327    [1367]         [1368]         [1369] 7343    
[1370] 1344    [1371] 4358    [1372] 2859    [1373] 7360    [1374] 8861    
[1375]         [1376] 4350    [1377]         [1378] 4365    [1379] 7366    
[1380] 4367    [1381] 4368    [1382] 4356    [1383] 8870    [1384]         
[1385] 7359    [1386]         [1387] 5861    [1388] 8875    [1389] 4350    
[1390] 1377    [1391] 4378    [1392] 7366    [1393]         [1394] 5881    
[1395] 7343    [1396] 4344    [1397] 2884    [1398] 1359    [1399] 7386    
[1400] 4374    [1401]         [1402] 4389    [1403]         [1404] 2891    
[1405] 5892    [1406] 2893    [1407] 8894    [1408] 5895    [1409] 7396    
[1410] 1397    [1411] 5898    [1412] 7399    [1413] 5900    [1414]         
[1415] 4402    [1416]         [1417] 7365    [1418] 8905    [1419] 2893    
[1420]         [1421] 8895    [1422] 1344    [1423] 7410    [1424] 1385    
[1425] 7412    [1426] 8874    [1427]         [1428] 2915    [1429] 4416    
[1430] 2917    [1431]         [1432] 2906    [1433]         [1434] 2830    
[1435] 2922    [1436] 2923    [1437] 5924    [1438] 2925    [1439]         
[1440]         [1441]         [1442] 5929    [1443] 5930    [1444]         
[1445]         [1446]         [1447] 5921    [1448] 5935    [1449] 7410    
[1450] 5924    [1451] 5938    [1452] 8939    [1453]         [1454]         
[1455]         [1456] 7417    [1457]         [1458]         [1459] 2946    
[1460] 2947    [1461] 7448    [1462] 4449    [1463] 1450    [1464] 5938    
[1465]         [1466] 7453    [1467] 7454    [1468] 2955    [1469] 8917    
[1470]         [1471]         [1472]         [1473]         [1474] 4370    
[1475]         [1476] 2963    [1477] 1464    [1478]         [1479]         
[1480] 5967    [1481] 8968    [1482] 7222    [1483] 1470    [1484]         
[1485]         [1486]         [1487] 4396    [1488]         [1489] 7463    
[1490] 7477    [1491]         [1492] 7479    [1493] 4467    [1494]         
[1495]         [1496]         [1497] 5984    [1498] 2985    [1499]         
