Selecciona l'entrada [1], [2], [3], [4] o [5].
Selecciona la cerca [B]inary, [H]ash o [BL]oom.
Selecciona la tècnica [O]pen o [C]hain.
Selecciona la funció [M]ove to front o [E]xact fit.
#### INFORMACIÓ ####
Cerca: HASH
Tècnica: CHAIN
Funció: EXACT
Ocupació: 66.6667%
Var. passos: 13
#### INSERCIÓ ####
Mida: 1000
Salts: 1117
Errors: 0
Temps: 0.069
#### CERCA ####
Mida: 2000
Temps total: 1.556
Temps trobats: 0.082
Temps no trobats: 0.73
#### RESULTAT ####
Trobats: 190
No trobats: 1810
#### TAULA RESULTANT ####
[0]
[1]
[2] 6002
[3]
[4]
[5]
[6] 3006
[7]
[8]
[9] 6009
[10] 7510
[11] 9011 7511
[12] 12
[13] 6013
[14]
[15] 1515
[16]
[17]
[18]
[19]
[20] 20 4520
[21] 4521
[22]
[23]
[24] 7524
[25] 6025
[26]
[27] 9027
[28] 28
[29]
[30]
[31]
[32] 6032 32
[33]
[34]
[35]
[36]
[37]
[38] 1538
[39] 6039
[40] 3040
[41]
[42]
[43]
[44]
[45] 7545
[46]
[47]
[48]
[49] 9049
[50] 7550
[51] 7551
[52] 9052
[53]
[54] 4554
[55]
[56]
[57] 57
[58] 9058
[59] 4559 7559
[60]
[61] 61 1561
[62] 1562 3062
[63] 3063
[64]
[65]
[66]
[67]
[68] 9068
[69]
[70] 70 4570
[71] 9071
[72]
[73] 73
[74] 3074 1574 3074
[75]
[76]
[77]
[78]
[79] 4579
[80] 1580
[81]
[82]
[83] 83
[84] 9084
[85] 3085
[86] 7586 9086
[87] 3087 4587
[88]
[89]
[90]
[91]
[92] 4592 4592 1592
[93] 4593
[94] 4594
[95] 6095
[96]
[97] 3097 3097 7597
[98]
[99] 3099
[100]
[101] 7601
[102]
[103]
[104] 9104
[105] 3105 3105
[106]
[107] 4607 107
[108] 6108
[109]
[110] 4610
[111]
[112] 4612 3112
[113]
[114] 1614
[115] 9115
[116]
[117]
[118]
[119]
[120] 6120
[121]
[122] 6122
[123] 9123
[124]
[125] 6125
[126] 9126
[127]
[128]
[129] 3129 7629
[130] 6130
[131] 1631
[132]
[133]
[134]
[135] 1635 1635
[136]
[137]
[138]
[139]
[140] 7640 4640
[141] 6141
[142]
[143] 9143
[144] 6144
[145] 7645
[146]
[147] 147
[148]
[149]
[150] 3150 150
[151] 7651
[152] 6152
[153] 3153
[154]
[155]
[156] 9156 7656 4656 9156
[157]
[158] 4658
[159]
[160]
[161] 1661
[162] 3162
[163] 1663 163
[164]
[165] 4665
[166] 166
[167] 7667
[168]
[169] 6169
[170]
[171]
[172] 4672
[173] 173
[174]
[175]
[176] 6176
[177]
[178] 7678
[179] 1679
[180]
[181]
[182] 4682
[183]
[184]
[185] 1685
[186] 4686
[187]
[188] 4688
[189] 6189
[190] 7690
[191]
[192] 1692
[193]
[194] 194 4694
[195] 6195
[196] 4696 7696
[197] 9197
[198] 1698
[199] 6199
[200] 7700 4700
[201] 4701
[202] 6202 4702
[203]
[204]
[205]
[206] 6206 6206
[207]
[208]
[209]
[210] 1710 9210
[211] 9211 7711 1711
[212] 4712
[213] 1713
[214]
[215]
[216]
[217]
[218]
[219]
[220]
[221] 3221
[222] 9222 222
[223]
[224]
[225]
[226] 9226
[227]
[228] 4728
[229] 7729 3229
[230] 230 230
[231] 231
[232]
[233]
[234] 3234 9234
[235] 4735 4735
[236]
[237] 7737
[238] 6238 1738
[239] 4739
[240]
[241]
[242]
[243]
[244]
[245]
[246] 9246
[247]
[248] 248
[249] 4749
[250]
[251] 3251
[252] 252
[253]
[254] 254
[255] 1755 1755
[256] 6256 6256
[257]
[258] 1758
[259] 3259 6259
[260]
[261] 9261 261
[262] 6262
[263] 7763 9263
[264] 9264
[265]
[266]
[267] 6267 6267 3267
[268]
[269]
[270] 7770 6270
[271] 7771
[272]
[273] 3273
[274] 7774
[275]
[276] 276 276
[277] 1777
[278] 7778 7778 7778
[279] 4779
[280]
[281] 3281
[282] 6282
[283] 9283
[284]
[285] 3285 1785
[286]
[287]
[288] 288 7788
[289] 1789
[290]
[291] 3291
[292]
[293] 3293
[294]
[295] 3295
[296] 4796
[297]
[298]
[299] 3299
[300]
[301] 6301
[302] 7802 6302
[303]
[304] 1804
[305]
[306]
[307] 7807 3307 1807
[308] 1808
[309] 3309
[310]
[311] 6311
[312] 9312
[313] 4813
[314] 3314
[315] 7815 3315 6315
[316] 7816 9316
[317] 1817
[318] 1818 3318
[319]
[320]
[321]
[322] 1822
[323]
[324] 4824
[325] 6325
[326]
[327]
[328]
[329]
[330]
[331]
[332] 7832
[333]
[334]
[335]
[336]
[337] 9337
[338] 7838 6338
[339] 4839
[340] 6340
[341]
[342] 6342 6342
[343]
[344]
[345] 6345
[346]
[347] 4847
[348] 348
[349]
[350]
[351] 9351
[352]
[353]
[354]
[355] 355
[356] 356 7856
[357]
[358] 358
[359]
[360] 3360 6360 1860
[361] 9361
[362]
[363] 1863 3363 1863
[364] 1864
[365] 6365 4865
[366] 6366
[367] 7867
[368] 1868
[369] 4869
[370]
[371]
[372]
[373] 1873 4873 4873
[374]
[375] 3375
[376]
[377] 6377 3377
[378] 6378
[379]
[380] 1880
[381] 1881
[382] 7882
[383] 1883 6383
[384] 3384 384
[385] 9385 9385
[386]
[387] 9387 387 9387 7887 7887
[388]
[389]
[390]
[391]
[392]
[393]
[394] 1894
[395]
[396] 9396
[397]
[398] 7898 7898
[399]
[400]
[401]
[402] 9402 7902 7902
[403] 4903
[404]
[405]
[406]
[407]
[408] 6408
[409]
[410]
[411]
[412]
[413] 1913 3413
[414]
[415] 415 3415 3415
[416] 6416
[417]
[418]
[419] 9419 9419 9419
[420]
[421] 4921
[422]
[423] 4923 3423
[424] 7924
[425] 4925
[426]
[427]
[428]
[429] 3429
[430]
[431]
[432] 3432
[433]
[434]
[435] 3435 1935
[436] 3436 3436
[437] 3437
[438] 4938
[439]
[440] 3440
[441] 6441 441 7941
[442]
[443] 3443 9443
[444] 4944
[445]
[446]
[447]
[448]
[449] 9449
[450]
[451] 7951
[452]
[453]
[454] 6454
[455]
[456] 6456 6456 3456
[457]
[458]
[459] 7959 3459 6459
[460]
[461]
[462]
[463] 463
[464]
[465]
[466] 9466
[467]
[468]
[469]
[470] 7970
[471]
[472]
[473] 6473
[474] 1974
[475] 4975
[476]
[477]
[478]
[479]
[480]
[481]
[482] 1982
[483] 1983 3483
[484]
[485] 1985 3485 7985
[486] 3486 4986
[487]
[488] 9488
[489] 489
[490] 9490
[491]
[492]
[493] 3493
[494] 6494
[495] 7995 7995 495
[496] 1996
[497] 1997 7997
[498]
[499] 9499
[500]
[501]
[502]
[503]
[504] 9504
[505] 8005
[506]
[507]
[508] 508
[509]
[510]
[511]
[512]
[513]
[514] 8014
[515] 3515
[516] 2016
[517] 6517 8017
[518] 2018
[519] 6519
[520]
[521]
[522] 522
[523]
[524]
[525]
[526]
[527]
[528]
[529]
[530]
[531] 531
[532] 2032
[533] 3533
[534]
[535]
[536]
[537]
[538] 2038 8038
[539] 539 6539
[540] 9540
[541]
[542]
[543] 543
[544]
[545]
[546]
[547]
[548]
[549]
[550]
[551] 3551
[552] 9552
[553]
[554] 554
[555] 8055
[556]
[557]
[558]
[559] 9559 9559
[560]
[561]
[562] 9562
[563]
[564] 5064 9564
[565]
[566]
[567] 567
[568] 8068
[569] 8069
[570]
[571]
[572] 3572
[573]
[574]
[575] 5075
[576] 3576
[577]
[578] 578
[579] 5079
[580]
[581]
[582]
[583]
[584] 5084 6584
[585]
[586] 8086 9586
[587] 6587
[588]
[589]
[590]
[591] 5091
[592]
[593]
[594] 6594 5094
[595]
[596] 9596
[597] 8097
[598]
[599] 3599
[600] 6600
[601] 6601
[602]
[603] 2103
[604]
[605] 6605 6605
[606] 2106
[607]
[608] 2108 5108
[609]
[610]
[611]
[612]
[613]
[614] 6614 614
[615]
[616]
[617] 3617 9617 2117
[618] 6618
[619] 3619
[620] 9620
[621]
[622] 622
[623] 623 9623 6623
[624] 624 6624 6624
[625] 6625 625
[626] 5126 2126
[627]
[628] 9628
[629]
[630] 2130
[631]
[632] 6632
[633] 8133 3633
[634] 6634
[635]
[636] 5136 3636
[637] 5137
[638] 5138 9638
[639]
[640] 5140
[641] 6641
[642]
[643]
[644]
[645] 645 3645 5145
[646] 646
[647]
[648]
[649]
[650] 8150 5150
[651]
[652]
[653]
[654]
[655]
[656] 9656 6656
[657]
[658]
[659]
[660]
[661] 3661
[662]
[663]
[664] 8164
[665] 2165
[666] 6666 9666
[667]
[668] 9668
[669] 669 9669
[670]
[671]
[672]
[673] 9673
[674]
[675] 8175
[676] 676
[677]
[678]
[679]
[680]
[681] 6681
[682] 6682
[683]
[684] 2184
[685]
[686]
[687] 687 9687
[688] 3688
[689]
[690]
[691]
[692] 5192
[693]
[694]
[695] 695
[696] 8196
[697] 8197
[698] 698
[699]
[700] 9700
[701] 8201
[702] 8202
[703] 5203
[704] 704
[705] 9705 705
[706]
[707] 9707
[708]
[709] 709 3709
[710]
[711]
[712]
[713] 3713
[714]
[715] 2215
[716] 3716
[717]
[718]
[719] 9719
[720] 9720
[721]
[722]
[723] 9723
[724] 2224
[725]
[726] 8226
[727]
[728]
[729]
[730] 6730
[731] 9731
[732]
[733]
[734] 3734 2234
[735]
[736]
[737] 8237 8237
[738]
[739]
[740]
[741] 5241
[742]
[743]
[744]
[745]
[746]
[747] 6747 8247
[748] 748
[749]
[750]
[751]
[752] 9752
[753] 6753 8253 2253
[754]
[755] 8255
[756] 756
[757] 8257
[758] 9758
[759]
[760] 3760
[761] 761 8261 8261
[762] 2262
[763] 6763 3763 6763
[764] 764 2264
[765]
[766]
[767] 5267 9767
[768] 9768 3768
[769] 769
[770]
[771] 6771
[772]
[773] 5273
[774]
[775]
[776]
[777] 2277 5277
[778] 778
[779] 779
[780]
[781] 2281
[782]
[783]
[784]
[785]
[786] 6786 2286
[787]
[788] 6788
[789]
[790] 2290
[791] 791 3791
[792] 9792
[793]
[794]
[795] 9795
[796]
[797]
[798] 3798 6798
[799]
[800]
[801]
[802]
[803]
[804]
[805] 2305
[806] 3806
[807]
[808]
[809] 9809 3809
[810] 810
[811] 6811 8311
[812] 8312
[813]
[814] 8314
[815] 815 9815
[816] 9816
[817]
[818]
[819] 5319
[820] 9820
[821] 2321 6821 821
[822] 9822 3822
[823] 2323
[824]
[825]
[826]
[827] 6827
[828]
[829]
[830]
[831]
[832] 3832
[833]
[834]
[835]
[836] 2336 3836
[837] 8337
[838] 8338
[839]
[840]
[841] 2341
[842]
[843]
[844] 9844
[845] 5345
[846] 3846
[847]
[848] 3848 5348
[849]
[850]
[851]
[852]
[853] 6853 6853 2353
[854] 2354 9854
[855] 8355
[856]
[857] 6857
[858] 2358
[859] 6859
[860] 3860
[861]
[862]
[863]
[864]
[865] 6865
[866] 9866
[867]
[868]
[869]
[870]
[871] 5371
[872]
[873] 3873
[874] 6874
[875] 6875 875
[876] 3876
[877] 2377 6877 877
[878]
[879] 9879 8379
[880] 2380
[881] 8381
[882]
[883]
[884] 8384 884
[885]
[886]
[887] 8387 6887
[888]
[889] 9889
[890]
[891]
[892] 6892 2392
[893]
[894]
[895]
[896]
[897]
[898] 9898 2398
[899] 9899 9899
[900]
[901]
[902]
[903] 5403
[904]
[905] 905 9905
[906] 5406 6906
[907] 3907 5407
[908] 908 3908
[909]
[910]
[911] 2411
[912] 6912 2412
[913] 2413
[914] 5414
[915] 915
[916] 916
[917]
[918]
[919] 919
[920]
[921] 9921
[922] 9922
[923]
[924] 924 9924
[925] 5425
[926] 5426
[927]
[928]
[929]
[930]
[931]
[932] 5432
[933] 933
[934]
[935]
[936] 2436
[937]
[938] 9938
[939]
[940]
[941] 8441
[942] 9942
[943]
[944] 9944
[945] 945 9945
[946] 2446 2446
[947]
[948]
[949]
[950] 8450
[951] 6951 5451
[952] 952 2452
[953] 2453 3953
[954]
[955] 3955 955
[956] 9956
[957] 5457
[958]
[959] 2459 959
[960] 2460 3960 960
[961] 9961
[962] 9962 3962 6962
[963] 9963
[964]
[965] 6965
[966] 3966 6966
[967] 6967 6967
[968] 2468 968
[969] 3969
[970]
[971]
[972] 972 972
[973]
[974] 2474
[975] 9975
[976]
[977]
[978] 5478 9978
[979]
[980]
[981] 981
[982]
[983] 2483
[984]
[985]
[986]
[987] 9987 987
[988] 5488 6988
[989] 8489
[990] 9990 2490
[991] 8491
[992]
[993]
[994]
[995] 8495
[996]
[997]
[998]
[999] 6999
[1000]
[1001]
[1002]
[1003] 5503
[1004] 7004
[1005] 2505
[1006]
[1007] 2507
[1008] 4008 7008
[1009] 5509
[1010] 1010
[1011] 1011
[1012] 1012
[1013] 7013 1013
[1014] 5514 4014
[1015] 4015
[1016] 7016
[1017]
[1018]
[1019]
[1020] 2520
[1021]
[1022]
[1023] 5523 2523 1023
[1024]
[1025]
[1026] 2526
[1027] 5527
[1028]
[1029] 5529
[1030] 8530
[1031]
[1032]
[1033] 4033
[1034]
[1035] 7035
[1036]
[1037]
[1038]
[1039]
[1040]
[1041] 8541
[1042]
[1043] 1043 2543
[1044]
[1045]
[1046]
[1047] 5547
[1048] 4048
[1049]
[1050] 1050
[1051] 2551
[1052] 2552
[1053]
[1054]
[1055]
[1056]
[1057]
[1058]
[1059]
[1060]
[1061]
[1062]
[1063] 4063 7063
[1064]
[1065]
[1066]
[1067] 5567
[1068]
[1069] 8569
[1070] 5570 2570
[1071] 8571 8571
[1072]
[1073]
[1074]
[1075] 5575
[1076] 2576
[1077]
[1078]
[1079] 7079 7079
[1080] 5580
[1081] 7081
[1082]
[1083] 4083
[1084] 7084
[1085] 5585 2585
[1086] 8586
[1087]
[1088]
[1089]
[1090]
[1091] 7091
[1092] 8592 1092 4092
[1093] 4093 7093
[1094] 8594 8594 7094
[1095]
[1096]
[1097]
[1098] 1098
[1099]
[1100]
[1101] 4101
[1102] 8602
[1103] 1103 1103
[1104] 2604
[1105]
[1106] 7106
[1107]
[1108] 2608 1108 4108 1108
[1109] 1109
[1110]
[1111] 8611
[1112]
[1113] 5613
[1114]
[1115]
[1116]
[1117] 7117 4117
[1118] 4118
[1119] 4119 2619
[1120] 1120
[1121]
[1122] 1122
[1123]
[1124] 8624 1124
[1125]
[1126]
[1127]
[1128] 5628
[1129] 1129
[1130]
[1131]
[1132] 8632 4132
[1133]
[1134] 1134
[1135]
[1136]
[1137]
[1138]
[1139] 7139 2639
[1140] 8640
[1141]
[1142] 2642
[1143]
[1144] 7144
[1145] 1145
[1146] 5646 5646
[1147]
[1148] 5648
[1149]
[1150]
[1151] 2651
[1152] 5652
[1153] 2653 5653 2653
[1154]
[1155]
[1156]
[1157] 7157 5657
[1158] 7158
[1159] 4159
[1160]
[1161]
[1162] 8662 2662
[1163]
[1164]
[1165]
[1166] 7166 5666
[1167] 4167
[1168] 1168
[1169]
[1170]
[1171] 1171
[1172] 4172 5672 4172
[1173]
[1174]
[1175]
[1176] 5676
[1177]
[1178] 5678
[1179]
[1180]
[1181]
[1182] 4182 4182
[1183] 1183
[1184]
[1185] 7185
[1186] 8686
[1187] 2687 2687
[1188]
[1189]
[1190]
[1191]
[1192]
[1193] 5693 4193
[1194] 4194
[1195] 4195 4195
[1196]
[1197] 2697
[1198]
[1199]
[1200]
[1201]
[1202]
[1203]
[1204] 8704
[1205] 2705
[1206]
[1207] 8707 2707
[1208] 1208
[1209]
[1210]
[1211]
[1212] 4212 1212
[1213] 8713 7213 2713
[1214] 4214
[1215]
[1216]
[1217]
[1218]
[1219] 4219
[1220] 2720
[1221]
[1222]
[1223]
[1224]
[1225] 1225
[1226]
[1227]
[1228]
[1229] 5729
[1230] 2730
[1231]
[1232] 1232 5732
[1233] 5733
[1234] 8734 1234
[1235] 1235
[1236]
[1237]
[1238] 4238
[1239]
[1240]
[1241] 7241 5741 4241
[1242]
[1243] 1243
[1244]
[1245] 4245
[1246] 5746
[1247]
[1248] 1248
[1249] 4249
[1250]
[1251] 2751
[1252] 8752
[1253]
[1254]
[1255] 2755
[1256] 2756
[1257]
[1258] 7258
[1259]
[1260]
[1261]
[1262] 8762
[1263] 2763
[1264]
[1265] 5765
[1266] 5766
[1267]
[1268]
[1269] 8769 5769
[1270] 7270
[1271]
[1272]
[1273] 2773
[1274]
[1275]
[1276]
[1277]
[1278]
[1279]
[1280] 5780
[1281] 7281
[1282] 7282
[1283]
[1284]
[1285]
[1286]
[1287]
[1288]
[1289]
[1290] 8790
[1291]
[1292]
[1293] 4293
[1294]
[1295]
[1296] 4296
[1297] 8797
[1298] 5798
[1299]
[1300]
[1301] 2801
[1302]
[1303]
[1304]
[1305] 8805
[1306] 5806
[1307] 5807
[1308]
[1309]
[1310] 1310 7310 2810
[1311] 7311
[1312]
[1313]
[1314]
[1315] 4315
[1316] 2816
[1317] 8817
[1318]
[1319] 1319
[1320]
[1321] 5821 8821
[1322] 4322
[1323] 2823
[1324]
[1325] 5825 5825
[1326]
[1327] 2827
[1328] 1328
[1329]
[1330] 5830
[1331]
[1332] 4332 5832
[1333] 5833
[1334]
[1335] 2835 8835
[1336] 7336
[1337] 8837 8837
[1338] 7338
[1339]
[1340] 7340
[1341] 5841
[1342] 7342
[1343]
[1344]
[1345] 4345
[1346] 1346 8846
[1347]
[1348]
[1349] 5849 4349
[1350]
[1351]
[1352] 5852 5852
[1353]
[1354] 4354 8854 4354
[1355]
[1356] 1356
[1357]
[1358]
[1359]
[1360] 7360
[1361] 8861
[1362]
[1363] 8863 1363
[1364]
[1365] 7365
[1366] 1366
[1367] 4367
[1368] 5868
[1369] 2869
[1370] 1370
[1371]
[1372] 8872
[1373] 4373
[1374] 2874 5874
[1375] 7375
[1376]
[1377] 1377
[1378] 7378 4378
[1379]
[1380]
[1381]
[1382]
[1383]
[1384] 1384
[1385] 4385
[1386]
[1387]
[1388]
[1389]
[1390] 5890
[1391] 2891
[1392] 8892
[1393]
[1394]
[1395]
[1396] 8896
[1397]
[1398] 8898
[1399] 1399
[1400]
[1401] 7401
[1402] 4402
[1403] 4403
[1404]
[1405] 1405
[1406] 2906
[1407]
[1408]
[1409]
[1410]
[1411] 2911
[1412] 8912 2912
[1413]
[1414]
[1415]
[1416]
[1417]
[1418]
[1419]
[1420]
[1421] 1421
[1422] 4422
[1423]
[1424]
[1425]
[1426]
[1427] 4427 7427
[1428] 2928 5928 2928
[1429]
[1430] 7430 5930 4430
[1431]
[1432] 5932 5932
[1433] 4433
[1434]
[1435] 7435
[1436] 4436 2936
[1437] 4437
[1438]
[1439] 1439 1439
[1440]
[1441]
[1442]
[1443]
[1444]
[1445]
[1446]
[1447]
[1448] 5948
[1449]
[1450]
[1451]
[1452] 8952 4452
[1453] 2953
[1454] 5954
[1455]
[1456] 7456
[1457] 5957
[1458]
[1459]
[1460]
[1461]
[1462] 4462
[1463]
[1464]
[1465]
[1466] 2966 7466
[1467]
[1468] 5968
[1469]
[1470]
[1471] 1471
[1472] 7472
[1473] 2973 1473
[1474]
[1475]
[1476]
[1477] 4477
[1478] 4478
[1479]
[1480]
[1481]
[1482]
[1483] 7483
[1484] 1484
[1485]
[1486] 4486
[1487]
[1488]
[1489] 1489
[1490] 8990
[1491]
[1492] 1492
[1493]
[1494] 1494
[1495]
[1496] 5996
[1497]
[1498]
[1499]
